reaction_list
-----------------------
# Ionization
e + Ar -> e + e + Ar+,field_table,C3 Ar Ionization 15.80 eV
e + Ar+ + Ar -> Ar + Ar,k2_func,1e-25,cm
-----------------------

Mean energy (eV)
COMMENT: generated by bolsig_convert.py
-----------------------
1.000000000000000021e-02 3.047000000000000264e-01
1.207000000000000087e-02 3.286999999999999922e-01
1.456000000000000003e-02 3.536000000000000254e-01
1.757999999999999841e-02 3.800999999999999934e-01
2.120999999999999969e-02 4.086000000000000187e-01
2.560000000000000123e-02 4.395999999999999908e-01
3.089000000000000079e-02 4.736000000000000210e-01
3.728000000000000064e-02 5.110000000000000098e-01
4.497999999999999915e-02 5.524000000000000021e-01
5.428999999999999798e-02 5.984000000000000430e-01
6.550999999999999879e-02 6.497000000000000552e-01
7.906000000000000527e-02 7.068999999999999728e-01
9.540999999999999481e-02 7.711000000000000076e-01
1.150999999999999940e-01 8.433000000000000496e-01
1.388999999999999957e-01 9.244999999999999885e-01
1.676999999999999880e-01 1.014999999999999902e+00
2.023999999999999966e-01 1.116000000000000103e+00
2.442000000000000004e-01 1.227000000000000091e+00
2.947000000000000175e-01 1.348000000000000087e+00
3.556000000000000272e-01 1.479999999999999982e+00
4.292000000000000259e-01 1.622999999999999998e+00
5.179000000000000270e-01 1.780000000000000027e+00
6.250999999999999890e-01 1.951999999999999957e+00
7.542999999999999705e-01 2.141999999999999904e+00
9.102999999999999980e-01 2.350999999999999979e+00
1.098999999999999977e+00 2.581999999999999851e+00
1.326000000000000068e+00 2.834999999999999964e+00
1.600000000000000089e+00 3.111000000000000210e+00
1.931000000000000050e+00 3.411000000000000032e+00
2.330000000000000071e+00 3.733999999999999986e+00
2.811999999999999833e+00 4.078999999999999737e+00
3.392999999999999794e+00 4.437999999999999723e+00
4.094999999999999751e+00 4.767000000000000348e+00
4.942000000000000171e+00 5.009999999999999787e+00
5.964000000000000412e+00 5.163000000000000256e+00
7.197000000000000064e+00 5.258000000000000007e+00
8.685000000000000497e+00 5.326999999999999957e+00
1.048000000000000043e+01 5.389000000000000234e+00
1.265000000000000036e+01 5.453000000000000291e+00
1.525999999999999979e+01 5.525000000000000355e+00
1.842000000000000171e+01 5.607000000000000206e+00
2.223000000000000043e+01 5.700000000000000178e+00
2.682999999999999829e+01 5.807000000000000384e+00
3.236999999999999744e+01 5.926999999999999602e+00
3.907000000000000028e+01 6.060999999999999943e+00
4.714999999999999858e+01 6.208999999999999631e+00
5.689999999999999858e+01 6.370000000000000107e+00
6.865999999999999659e+01 6.546000000000000263e+00
8.285999999999999943e+01 6.735999999999999766e+00
1.000000000000000000e+02 6.942999999999999616e+00
-----------------------


Mobility *N (1/m/V/s)
COMMENT: generated by bolsig_convert.py
-----------------------
1.000000000000000021e-02 9.240999999999999825e+25
1.207000000000000087e-02 8.000000000000000725e+25
1.456000000000000003e-02 6.922999999999999824e+25
1.757999999999999841e-02 5.991999999999999930e+25
2.120999999999999969e-02 5.190000000000000112e+25
2.560000000000000123e-02 4.498000000000000039e+25
3.089000000000000079e-02 3.900999999999999904e+25
3.728000000000000064e-02 3.386999999999999858e+25
4.497999999999999915e-02 2.944000000000000054e+25
5.428999999999999798e-02 2.560999999999999916e+25
6.550999999999999879e-02 2.230999999999999819e+25
7.906000000000000527e-02 1.944999999999999879e+25
9.540999999999999481e-02 1.696999999999999956e+25
1.150999999999999940e-01 1.482999999999999958e+25
1.388999999999999957e-01 1.296000000000000047e+25
1.676999999999999880e-01 1.133000000000000045e+25
2.023999999999999966e-01 9.892999999999998974e+24
2.442000000000000004e-01 8.624000000000000302e+24
2.947000000000000175e-01 7.504000000000000235e+24
3.556000000000000272e-01 6.520000000000000084e+24
4.292000000000000259e-01 5.661999999999999618e+24
5.179000000000000270e-01 4.917000000000000149e+24
6.250999999999999890e-01 4.271999999999999765e+24
7.542999999999999705e-01 3.712999999999999755e+24
9.102999999999999980e-01 3.227999999999999841e+24
1.098999999999999977e+00 2.806999999999999792e+24
1.326000000000000068e+00 2.438999999999999893e+24
1.600000000000000089e+00 2.118000000000000004e+24
1.931000000000000050e+00 1.835999999999999941e+24
2.330000000000000071e+00 1.588999999999999880e+24
2.811999999999999833e+00 1.375000000000000044e+24
3.392999999999999794e+00 1.199000000000000010e+24
4.094999999999999751e+00 1.083000000000000019e+24
4.942000000000000171e+00 1.034999999999999985e+24
5.964000000000000412e+00 1.031000000000000027e+24
7.197000000000000064e+00 1.042000000000000013e+24
8.685000000000000497e+00 1.050999999999999952e+24
1.048000000000000043e+01 1.052999999999999998e+24
1.265000000000000036e+01 1.045999999999999971e+24
1.525999999999999979e+01 1.031000000000000027e+24
1.842000000000000171e+01 1.010999999999999969e+24
2.223000000000000043e+01 9.876000000000000461e+23
2.682999999999999829e+01 9.610999999999999717e+23
3.236999999999999744e+01 9.333000000000000283e+23
3.907000000000000028e+01 9.054999999999999507e+23
4.714999999999999858e+01 8.785999999999999476e+23
5.689999999999999858e+01 8.534000000000000105e+23
6.865999999999999659e+01 8.301000000000000367e+23
8.285999999999999943e+01 8.087000000000000262e+23
1.000000000000000000e+02 7.891000000000000304e+23
-----------------------


Diffusion coefficient *N (1/m/s)
COMMENT: generated by bolsig_convert.py
-----------------------
1.000000000000000021e-02 4.492999999999999817e+25
1.207000000000000087e-02 4.391999999999999956e+25
1.456000000000000003e-02 4.253000000000000293e+25
1.757999999999999841e-02 4.092000000000000337e+25
2.120999999999999969e-02 3.917000000000000273e+25
2.560000000000000123e-02 3.735000000000000155e+25
3.089000000000000079e-02 3.551000000000000205e+25
3.728000000000000064e-02 3.366999999999999826e+25
4.497999999999999915e-02 3.185000000000000137e+25
5.428999999999999798e-02 3.004000000000000149e+25
6.550999999999999879e-02 2.832000000000000047e+25
7.906000000000000527e-02 2.664000000000000037e+25
9.540999999999999481e-02 2.506000000000000043e+25
1.150999999999999940e-01 2.359000000000000195e+25
1.388999999999999957e-01 2.216000000000000010e+25
1.676999999999999880e-01 2.082000000000000140e+25
2.023999999999999966e-01 1.957000000000000156e+25
2.442000000000000004e-01 1.839999999999999926e+25
2.947000000000000175e-01 1.732999999999999927e+25
3.556000000000000272e-01 1.633999999999999898e+25
4.292000000000000259e-01 1.543999999999999970e+25
5.179000000000000270e-01 1.457999999999999919e+25
6.250999999999999890e-01 1.378999999999999922e+25
7.542999999999999705e-01 1.303000000000000101e+25
9.102999999999999980e-01 1.233999999999999905e+25
1.098999999999999977e+00 1.169999999999999932e+25
1.326000000000000068e+00 1.108999999999999921e+25
1.600000000000000089e+00 1.052000000000000002e+25
1.931000000000000050e+00 9.989999999999999602e+24
2.330000000000000071e+00 9.487999999999999832e+24
2.811999999999999833e+00 9.017999999999999727e+24
3.392999999999999794e+00 8.589999999999999518e+24
4.094999999999999751e+00 8.254999999999999843e+24
4.942000000000000171e+00 8.054000000000000038e+24
5.964000000000000412e+00 7.964000000000000109e+24
7.197000000000000064e+00 7.926999999999999792e+24
8.685000000000000497e+00 7.903999999999999799e+24
1.048000000000000043e+01 7.878000000000000273e+24
1.265000000000000036e+01 7.843999999999999488e+24
1.525999999999999979e+01 7.797000000000000015e+24
1.842000000000000171e+01 7.740000000000000310e+24
2.223000000000000043e+01 7.673000000000000375e+24
2.682999999999999829e+01 7.598999999999999742e+24
3.236999999999999744e+01 7.517999999999999484e+24
3.907000000000000028e+01 7.431000000000000161e+24
4.714999999999999858e+01 7.343000000000000279e+24
5.689999999999999858e+01 7.249000000000000258e+24
6.865999999999999659e+01 7.151000000000000145e+24
8.285999999999999943e+01 7.046000000000000407e+24
1.000000000000000000e+02 6.935000000000000531e+24
-----------------------


Townsend ioniz. coef. alpha/N (m2)
COMMENT: generated by bolsig_convert.py
-----------------------
1.000000000000000021e-02 0.000000000000000000e+00
1.207000000000000087e-02 0.000000000000000000e+00
1.456000000000000003e-02 0.000000000000000000e+00
1.757999999999999841e-02 0.000000000000000000e+00
2.120999999999999969e-02 0.000000000000000000e+00
2.560000000000000123e-02 0.000000000000000000e+00
3.089000000000000079e-02 0.000000000000000000e+00
3.728000000000000064e-02 0.000000000000000000e+00
4.497999999999999915e-02 0.000000000000000000e+00
5.428999999999999798e-02 0.000000000000000000e+00
6.550999999999999879e-02 0.000000000000000000e+00
7.906000000000000527e-02 0.000000000000000000e+00
9.540999999999999481e-02 0.000000000000000000e+00
1.150999999999999940e-01 0.000000000000000000e+00
1.388999999999999957e-01 0.000000000000000000e+00
1.676999999999999880e-01 0.000000000000000000e+00
2.023999999999999966e-01 0.000000000000000000e+00
2.442000000000000004e-01 0.000000000000000000e+00
2.947000000000000175e-01 0.000000000000000000e+00
3.556000000000000272e-01 0.000000000000000000e+00
4.292000000000000259e-01 0.000000000000000000e+00
5.179000000000000270e-01 0.000000000000000000e+00
6.250999999999999890e-01 0.000000000000000000e+00
7.542999999999999705e-01 0.000000000000000000e+00
9.102999999999999980e-01 0.000000000000000000e+00
1.098999999999999977e+00 0.000000000000000000e+00
1.326000000000000068e+00 0.000000000000000000e+00
1.600000000000000089e+00 0.000000000000000000e+00
1.931000000000000050e+00 0.000000000000000000e+00
2.330000000000000071e+00 0.000000000000000000e+00
2.811999999999999833e+00 0.000000000000000000e+00
3.392999999999999794e+00 0.000000000000000000e+00
4.094999999999999751e+00 0.000000000000000000e+00
4.942000000000000171e+00 0.000000000000000000e+00
5.964000000000000412e+00 2.312000000000000091e-31
7.197000000000000064e+00 1.132000000000000010e-29
8.685000000000000497e+00 2.673000000000000195e-28
1.048000000000000043e+01 3.609000000000000228e-27
1.265000000000000036e+01 3.152999999999999912e-26
1.525999999999999979e+01 1.931000000000000043e-25
1.842000000000000171e+01 8.930000000000000430e-25
2.223000000000000043e+01 3.287999999999999874e-24
2.682999999999999829e+01 1.004999999999999983e-23
3.236999999999999744e+01 2.628999999999999940e-23
3.907000000000000028e+01 6.046999999999999740e-23
4.714999999999999858e+01 1.247999999999999993e-22
5.689999999999999858e+01 2.348000000000000023e-22
6.865999999999999659e+01 4.085999999999999995e-22
8.285999999999999943e+01 6.655999999999999962e-22
1.000000000000000000e+02 1.026000000000000048e-21
-----------------------


Townsend attach. coef. eta/N (m2)
COMMENT: generated by bolsig_convert.py
COMMENT: Warning: no data was found
-----------------------
1.000000000000000021e-02 0.000000000000000000e+00
1.207000000000000087e-02 0.000000000000000000e+00
1.456000000000000003e-02 0.000000000000000000e+00
1.757999999999999841e-02 0.000000000000000000e+00
2.120999999999999969e-02 0.000000000000000000e+00
2.560000000000000123e-02 0.000000000000000000e+00
3.089000000000000079e-02 0.000000000000000000e+00
3.728000000000000064e-02 0.000000000000000000e+00
4.497999999999999915e-02 0.000000000000000000e+00
5.428999999999999798e-02 0.000000000000000000e+00
6.550999999999999879e-02 0.000000000000000000e+00
7.906000000000000527e-02 0.000000000000000000e+00
9.540999999999999481e-02 0.000000000000000000e+00
1.150999999999999940e-01 0.000000000000000000e+00
1.388999999999999957e-01 0.000000000000000000e+00
1.676999999999999880e-01 0.000000000000000000e+00
2.023999999999999966e-01 0.000000000000000000e+00
2.442000000000000004e-01 0.000000000000000000e+00
2.947000000000000175e-01 0.000000000000000000e+00
3.556000000000000272e-01 0.000000000000000000e+00
4.292000000000000259e-01 0.000000000000000000e+00
5.179000000000000270e-01 0.000000000000000000e+00
6.250999999999999890e-01 0.000000000000000000e+00
7.542999999999999705e-01 0.000000000000000000e+00
9.102999999999999980e-01 0.000000000000000000e+00
1.098999999999999977e+00 0.000000000000000000e+00
1.326000000000000068e+00 0.000000000000000000e+00
1.600000000000000089e+00 0.000000000000000000e+00
1.931000000000000050e+00 0.000000000000000000e+00
2.330000000000000071e+00 0.000000000000000000e+00
2.811999999999999833e+00 0.000000000000000000e+00
3.392999999999999794e+00 0.000000000000000000e+00
4.094999999999999751e+00 0.000000000000000000e+00
4.942000000000000171e+00 0.000000000000000000e+00
5.964000000000000412e+00 0.000000000000000000e+00
7.197000000000000064e+00 0.000000000000000000e+00
8.685000000000000497e+00 0.000000000000000000e+00
1.048000000000000043e+01 0.000000000000000000e+00
1.265000000000000036e+01 0.000000000000000000e+00
1.525999999999999979e+01 0.000000000000000000e+00
1.842000000000000171e+01 0.000000000000000000e+00
2.223000000000000043e+01 0.000000000000000000e+00
2.682999999999999829e+01 0.000000000000000000e+00
3.236999999999999744e+01 0.000000000000000000e+00
3.907000000000000028e+01 0.000000000000000000e+00
4.714999999999999858e+01 0.000000000000000000e+00
5.689999999999999858e+01 0.000000000000000000e+00
6.865999999999999659e+01 0.000000000000000000e+00
8.285999999999999943e+01 0.000000000000000000e+00
1.000000000000000000e+02 0.000000000000000000e+00
-----------------------


C2 Ar Excitation 11.50 eV
COMMENT: generated by bolsig_convert.py
-----------------------
1.000000000000000021e-02 0.000000000000000000e+00
1.207000000000000087e-02 0.000000000000000000e+00
1.456000000000000003e-02 0.000000000000000000e+00
1.757999999999999841e-02 0.000000000000000000e+00
2.120999999999999969e-02 0.000000000000000000e+00
2.560000000000000123e-02 0.000000000000000000e+00
3.089000000000000079e-02 0.000000000000000000e+00
3.728000000000000064e-02 0.000000000000000000e+00
4.497999999999999915e-02 0.000000000000000000e+00
5.428999999999999798e-02 0.000000000000000000e+00
6.550999999999999879e-02 0.000000000000000000e+00
7.906000000000000527e-02 0.000000000000000000e+00
9.540999999999999481e-02 0.000000000000000000e+00
1.150999999999999940e-01 0.000000000000000000e+00
1.388999999999999957e-01 0.000000000000000000e+00
1.676999999999999880e-01 0.000000000000000000e+00
2.023999999999999966e-01 0.000000000000000000e+00
2.442000000000000004e-01 0.000000000000000000e+00
2.947000000000000175e-01 0.000000000000000000e+00
3.556000000000000272e-01 0.000000000000000000e+00
4.292000000000000259e-01 0.000000000000000000e+00
5.179000000000000270e-01 0.000000000000000000e+00
6.250999999999999890e-01 0.000000000000000000e+00
7.542999999999999705e-01 0.000000000000000000e+00
9.102999999999999980e-01 0.000000000000000000e+00
1.098999999999999977e+00 0.000000000000000000e+00
1.326000000000000068e+00 0.000000000000000000e+00
1.600000000000000089e+00 1.043999999999999975e-28
1.931000000000000050e+00 1.558999999999999948e-25
2.330000000000000071e+00 3.365000000000000207e-23
2.811999999999999833e+00 1.605000000000000018e-21
3.392999999999999794e+00 2.437000000000000013e-20
4.094999999999999751e+00 1.584000000000000103e-19
4.942000000000000171e+00 5.709999999999999854e-19
5.964000000000000412e+00 1.417000000000000048e-18
7.197000000000000064e+00 2.820999999999999857e-18
8.685000000000000497e+00 4.945999999999999721e-18
1.048000000000000043e+01 8.036999999999999682e-18
1.265000000000000036e+01 1.245999999999999995e-17
1.525999999999999979e+01 1.873000000000000126e-17
1.842000000000000171e+01 2.757999999999999962e-17
2.223000000000000043e+01 3.997999999999999835e-17
2.682999999999999829e+01 5.723999999999999433e-17
3.236999999999999744e+01 8.102999999999999485e-17
3.907000000000000028e+01 1.134999999999999954e-16
4.714999999999999858e+01 1.571999999999999955e-16
5.689999999999999858e+01 2.152999999999999930e-16
6.865999999999999659e+01 2.920000000000000116e-16
8.285999999999999943e+01 3.921999999999999931e-16
1.000000000000000000e+02 5.225999999999999525e-16
-----------------------


C3 Ar Ionization 15.80 eV
COMMENT: generated by bolsig_convert.py
-----------------------
1.000000000000000021e-02 0.000000000000000000e+00
1.207000000000000087e-02 0.000000000000000000e+00
1.456000000000000003e-02 0.000000000000000000e+00
1.757999999999999841e-02 0.000000000000000000e+00
2.120999999999999969e-02 0.000000000000000000e+00
2.560000000000000123e-02 0.000000000000000000e+00
3.089000000000000079e-02 0.000000000000000000e+00
3.728000000000000064e-02 0.000000000000000000e+00
4.497999999999999915e-02 0.000000000000000000e+00
5.428999999999999798e-02 0.000000000000000000e+00
6.550999999999999879e-02 0.000000000000000000e+00
7.906000000000000527e-02 0.000000000000000000e+00
9.540999999999999481e-02 0.000000000000000000e+00
1.150999999999999940e-01 0.000000000000000000e+00
1.388999999999999957e-01 0.000000000000000000e+00
1.676999999999999880e-01 0.000000000000000000e+00
2.023999999999999966e-01 0.000000000000000000e+00
2.442000000000000004e-01 0.000000000000000000e+00
2.947000000000000175e-01 0.000000000000000000e+00
3.556000000000000272e-01 0.000000000000000000e+00
4.292000000000000259e-01 0.000000000000000000e+00
5.179000000000000270e-01 0.000000000000000000e+00
6.250999999999999890e-01 0.000000000000000000e+00
7.542999999999999705e-01 0.000000000000000000e+00
9.102999999999999980e-01 0.000000000000000000e+00
1.098999999999999977e+00 0.000000000000000000e+00
1.326000000000000068e+00 0.000000000000000000e+00
1.600000000000000089e+00 0.000000000000000000e+00
1.931000000000000050e+00 0.000000000000000000e+00
2.330000000000000071e+00 0.000000000000000000e+00
2.811999999999999833e+00 0.000000000000000000e+00
3.392999999999999794e+00 0.000000000000000000e+00
4.094999999999999751e+00 0.000000000000000000e+00
4.942000000000000171e+00 0.000000000000000000e+00
5.964000000000000412e+00 1.422000000000000085e-27
7.197000000000000064e+00 8.490000000000000069e-26
8.685000000000000497e+00 2.440999999999999884e-24
1.048000000000000043e+01 3.980999999999999932e-23
1.265000000000000036e+01 4.169000000000000076e-22
1.525999999999999979e+01 3.039000000000000122e-21
1.842000000000000171e+01 1.663999999999999991e-20
2.223000000000000043e+01 7.218000000000000323e-20
2.682999999999999829e+01 2.590999999999999829e-19
3.236999999999999744e+01 7.943999999999999869e-19
3.907000000000000028e+01 2.138999999999999943e-18
4.714999999999999858e+01 5.168999999999999998e-18
5.689999999999999858e+01 1.139999999999999943e-17
6.865999999999999659e+01 2.328999999999999856e-17
8.285999999999999943e+01 4.460999999999999913e-17
1.000000000000000000e+02 8.093000000000000309e-17
-----------------------
