time electron_density 
  0.00000000E+00  0.10000000E+07
  0.10000000E-09  0.10256882E+07
  0.20000000E-09  0.10520363E+07
  0.30000000E-09  0.10790612E+07
  0.40000000E-09  0.11067803E+07
  0.50000000E-09  0.11352114E+07
  0.60000000E-09  0.11643730E+07
  0.70000000E-09  0.11942836E+07
  0.80000000E-09  0.12249626E+07
  0.90000000E-09  0.12564296E+07
  0.10000000E-08  0.12887050E+07
  0.11000000E-08  0.13218095E+07
  0.12000000E-08  0.13557644E+07
  0.13000000E-08  0.13905915E+07
  0.14000000E-08  0.14263133E+07
  0.15000000E-08  0.14629527E+07
  0.16000000E-08  0.15005333E+07
  0.17000000E-08  0.15390793E+07
  0.18000000E-08  0.15786154E+07
  0.19000000E-08  0.16191672E+07
  0.20000000E-08  0.16607607E+07
  0.21000000E-08  0.17034226E+07
  0.22000000E-08  0.17471804E+07
  0.23000000E-08  0.17920623E+07
  0.24000000E-08  0.18380971E+07
  0.25000000E-08  0.18853145E+07
  0.26000000E-08  0.19337448E+07
  0.27000000E-08  0.19834192E+07
  0.28000000E-08  0.20343696E+07
  0.29000000E-08  0.20866289E+07
  0.30000000E-08  0.21402306E+07
  0.31000000E-08  0.21952092E+07
  0.32000000E-08  0.22516002E+07
  0.33000000E-08  0.23094397E+07
  0.34000000E-08  0.23687650E+07
  0.35000000E-08  0.24296143E+07
  0.36000000E-08  0.24920267E+07
  0.37000000E-08  0.25560423E+07
  0.38000000E-08  0.26217024E+07
  0.39000000E-08  0.26890492E+07
  0.40000000E-08  0.27581260E+07
  0.41000000E-08  0.28289772E+07
  0.42000000E-08  0.29016485E+07
  0.43000000E-08  0.29761866E+07
  0.44000000E-08  0.30526394E+07
  0.45000000E-08  0.31310562E+07
  0.46000000E-08  0.32114873E+07
  0.47000000E-08  0.32939846E+07
  0.48000000E-08  0.33786011E+07
  0.49000000E-08  0.34653912E+07
  0.50000000E-08  0.35544108E+07
  0.51000000E-08  0.36457172E+07
  0.52000000E-08  0.37393690E+07
  0.53000000E-08  0.38354266E+07
  0.54000000E-08  0.39339517E+07
  0.55000000E-08  0.40350078E+07
  0.56000000E-08  0.41386598E+07
  0.57000000E-08  0.42449745E+07
  0.58000000E-08  0.43540202E+07
  0.59000000E-08  0.44658671E+07
  0.60000000E-08  0.45805871E+07
  0.61000000E-08  0.46982540E+07
  0.62000000E-08  0.48189436E+07
  0.63000000E-08  0.49427336E+07
  0.64000000E-08  0.50697034E+07
  0.65000000E-08  0.51999349E+07
  0.66000000E-08  0.53335118E+07
  0.67000000E-08  0.54705200E+07
  0.68000000E-08  0.56110477E+07
  0.69000000E-08  0.57551853E+07
  0.70000000E-08  0.59030256E+07
  0.71000000E-08  0.60546636E+07
  0.72000000E-08  0.62101969E+07
  0.73000000E-08  0.63697256E+07
  0.74000000E-08  0.65333523E+07
  0.75000000E-08  0.67011822E+07
  0.76000000E-08  0.68733234E+07
  0.77000000E-08  0.70498866E+07
  0.78000000E-08  0.72309854E+07
  0.79000000E-08  0.74167363E+07
  0.80000000E-08  0.76072588E+07
  0.81000000E-08  0.78026755E+07
  0.82000000E-08  0.80031120E+07
  0.83000000E-08  0.82086974E+07
  0.84000000E-08  0.84195640E+07
  0.85000000E-08  0.86358473E+07
  0.86000000E-08  0.88576865E+07
  0.87000000E-08  0.90852244E+07
  0.88000000E-08  0.93186073E+07
  0.89000000E-08  0.95579854E+07
  0.90000000E-08  0.98035127E+07
  0.91000000E-08  0.10055347E+08
  0.92000000E-08  0.10313651E+08
  0.93000000E-08  0.10578590E+08
  0.94000000E-08  0.10850334E+08
  0.95000000E-08  0.11129060E+08
  0.96000000E-08  0.11414945E+08
  0.97000000E-08  0.11708174E+08
  0.98000000E-08  0.12008936E+08
  0.99000000E-08  0.12317424E+08
  0.10000000E-07  0.12633836E+08
  0.10100000E-07  0.12958376E+08
  0.10200000E-07  0.13291254E+08
  0.10300000E-07  0.13632682E+08
  0.10400000E-07  0.13982881E+08
  0.10500000E-07  0.14342075E+08
  0.10600000E-07  0.14710497E+08
  0.10700000E-07  0.15088383E+08
  0.10800000E-07  0.15475976E+08
  0.10900000E-07  0.15873526E+08
  0.11000000E-07  0.16281288E+08
  0.11100000E-07  0.16699525E+08
  0.11200000E-07  0.17128505E+08
  0.11300000E-07  0.17568506E+08
  0.11400000E-07  0.18019809E+08
  0.11500000E-07  0.18482705E+08
  0.11600000E-07  0.18957492E+08
  0.11700000E-07  0.19444475E+08
  0.11800000E-07  0.19943969E+08
  0.11900000E-07  0.20456293E+08
  0.12000000E-07  0.20981778E+08
  0.12100000E-07  0.21520762E+08
  0.12200000E-07  0.22073591E+08
  0.12300000E-07  0.22640621E+08
  0.12400000E-07  0.23222218E+08
  0.12500000E-07  0.23818754E+08
  0.12600000E-07  0.24430615E+08
  0.12700000E-07  0.25058193E+08
  0.12800000E-07  0.25701893E+08
  0.12900000E-07  0.26362128E+08
  0.13000000E-07  0.27039323E+08
  0.13100000E-07  0.27733914E+08
  0.13200000E-07  0.28446348E+08
  0.13300000E-07  0.29177083E+08
  0.13400000E-07  0.29926589E+08
  0.13500000E-07  0.30695349E+08
  0.13600000E-07  0.31483856E+08
  0.13700000E-07  0.32292620E+08
  0.13800000E-07  0.33122158E+08
  0.13900000E-07  0.33973006E+08
  0.14000000E-07  0.34845711E+08
  0.14100000E-07  0.35740834E+08
  0.14200000E-07  0.36658951E+08
  0.14300000E-07  0.37600653E+08
  0.14400000E-07  0.38566546E+08
  0.14500000E-07  0.39557250E+08
  0.14600000E-07  0.40573404E+08
  0.14700000E-07  0.41615661E+08
  0.14800000E-07  0.42684692E+08
  0.14900000E-07  0.43781184E+08
  0.15000000E-07  0.44905843E+08
  0.15100000E-07  0.46059393E+08
  0.15200000E-07  0.47242575E+08
  0.15300000E-07  0.48456151E+08
  0.15400000E-07  0.49700902E+08
  0.15500000E-07  0.50977627E+08
  0.15600000E-07  0.52287150E+08
  0.15700000E-07  0.53630312E+08
  0.15800000E-07  0.55007977E+08
  0.15900000E-07  0.56421032E+08
  0.16000000E-07  0.57870386E+08
  0.16100000E-07  0.59356971E+08
  0.16200000E-07  0.60881744E+08
  0.16300000E-07  0.62445686E+08
  0.16400000E-07  0.64049802E+08
  0.16500000E-07  0.65695125E+08
  0.16600000E-07  0.67382713E+08
  0.16700000E-07  0.69113653E+08
  0.16800000E-07  0.70889057E+08
  0.16900000E-07  0.72710068E+08
  0.17000000E-07  0.74577858E+08
  0.17100000E-07  0.76493628E+08
  0.17200000E-07  0.78458610E+08
  0.17300000E-07  0.80474069E+08
  0.17400000E-07  0.82541302E+08
  0.17500000E-07  0.84661638E+08
  0.17600000E-07  0.86836442E+08
  0.17700000E-07  0.89067112E+08
  0.17800000E-07  0.91355085E+08
  0.17900000E-07  0.93701831E+08
  0.18000000E-07  0.96108861E+08
  0.18100000E-07  0.98577723E+08
  0.18200000E-07  0.10111001E+09
  0.18300000E-07  0.10370734E+09
  0.18400000E-07  0.10637139E+09
  0.18500000E-07  0.10910388E+09
  0.18600000E-07  0.11190656E+09
  0.18700000E-07  0.11478124E+09
  0.18800000E-07  0.11772976E+09
  0.18900000E-07  0.12075402E+09
  0.19000000E-07  0.12385597E+09
  0.19100000E-07  0.12703761E+09
  0.19200000E-07  0.13030097E+09
  0.19300000E-07  0.13364817E+09
  0.19400000E-07  0.13708135E+09
  0.19500000E-07  0.14060272E+09
  0.19600000E-07  0.14421455E+09
  0.19700000E-07  0.14791916E+09
  0.19800000E-07  0.15171893E+09
  0.19900000E-07  0.15561631E+09
  0.20000000E-07  0.15961381E+09
  0.20100000E-07  0.16371400E+09
  0.20200000E-07  0.16791952E+09
  0.20300000E-07  0.17223307E+09
  0.20400000E-07  0.17665742E+09
  0.20500000E-07  0.18119543E+09
  0.20600000E-07  0.18585001E+09
  0.20700000E-07  0.19062416E+09
  0.20800000E-07  0.19552095E+09
  0.20900000E-07  0.20054353E+09
  0.21000000E-07  0.20569513E+09
  0.21100000E-07  0.21097906E+09
  0.21200000E-07  0.21639873E+09
  0.21300000E-07  0.22195762E+09
  0.21400000E-07  0.22765931E+09
  0.21500000E-07  0.23350746E+09
  0.21600000E-07  0.23950584E+09
  0.21700000E-07  0.24565831E+09
  0.21800000E-07  0.25196883E+09
  0.21900000E-07  0.25844145E+09
  0.22000000E-07  0.26508034E+09
  0.22100000E-07  0.27188978E+09
  0.22200000E-07  0.27887413E+09
  0.22300000E-07  0.28603790E+09
  0.22400000E-07  0.29338569E+09
  0.22500000E-07  0.30092224E+09
  0.22600000E-07  0.30865239E+09
  0.22700000E-07  0.31658111E+09
  0.22800000E-07  0.32471350E+09
  0.22900000E-07  0.33305480E+09
  0.23000000E-07  0.34161037E+09
  0.23100000E-07  0.35038572E+09
  0.23200000E-07  0.35938649E+09
  0.23300000E-07  0.36861848E+09
  0.23400000E-07  0.37808762E+09
  0.23500000E-07  0.38780000E+09
  0.23600000E-07  0.39776188E+09
  0.23700000E-07  0.40797966E+09
  0.23800000E-07  0.41845992E+09
  0.23900000E-07  0.42920939E+09
  0.24000000E-07  0.44023500E+09
  0.24100000E-07  0.45154384E+09
  0.24200000E-07  0.46314318E+09
  0.24300000E-07  0.47504049E+09
  0.24400000E-07  0.48724342E+09
  0.24500000E-07  0.49975982E+09
  0.24600000E-07  0.51259774E+09
  0.24700000E-07  0.52576544E+09
  0.24800000E-07  0.53927140E+09
  0.24900000E-07  0.55312431E+09
  0.25000000E-07  0.56733306E+09
  0.25100000E-07  0.58190682E+09
  0.25200000E-07  0.59685495E+09
  0.25300000E-07  0.61218707E+09
  0.25400000E-07  0.62791304E+09
  0.25500000E-07  0.64404299E+09
  0.25600000E-07  0.66058728E+09
  0.25700000E-07  0.67755657E+09
  0.25800000E-07  0.69496177E+09
  0.25900000E-07  0.71281408E+09
  0.26000000E-07  0.73112497E+09
  0.26100000E-07  0.74990625E+09
  0.26200000E-07  0.76916998E+09
  0.26300000E-07  0.78892856E+09
  0.26400000E-07  0.80919470E+09
  0.26500000E-07  0.82998144E+09
  0.26600000E-07  0.85130216E+09
  0.26700000E-07  0.87317056E+09
  0.26800000E-07  0.89560073E+09
  0.26900000E-07  0.91860709E+09
  0.27000000E-07  0.94220443E+09
  0.27100000E-07  0.96640795E+09
  0.27200000E-07  0.99123322E+09
  0.27300000E-07  0.10166962E+10
  0.27400000E-07  0.10428133E+10
  0.27500000E-07  0.10696013E+10
  0.27600000E-07  0.10970774E+10
  0.27700000E-07  0.11252593E+10
  0.27800000E-07  0.11541652E+10
  0.27900000E-07  0.11838136E+10
  0.28000000E-07  0.12142236E+10
  0.28100000E-07  0.12454148E+10
  0.28200000E-07  0.12774072E+10
  0.28300000E-07  0.13102215E+10
  0.28400000E-07  0.13438787E+10
  0.28500000E-07  0.13784005E+10
  0.28600000E-07  0.14138091E+10
  0.28700000E-07  0.14501273E+10
  0.28800000E-07  0.14873785E+10
  0.28900000E-07  0.15255865E+10
  0.29000000E-07  0.15647761E+10
  0.29100000E-07  0.16049723E+10
  0.29200000E-07  0.16462011E+10
  0.29300000E-07  0.16884890E+10
  0.29400000E-07  0.17318633E+10
  0.29500000E-07  0.17763517E+10
  0.29600000E-07  0.18219829E+10
  0.29700000E-07  0.18687864E+10
  0.29800000E-07  0.19167921E+10
  0.29900000E-07  0.19660310E+10
  0.30000000E-07  0.20165348E+10
  0.30100000E-07  0.20683359E+10
  0.30200000E-07  0.21214677E+10
  0.30300000E-07  0.21759643E+10
  0.30400000E-07  0.22318609E+10
  0.30500000E-07  0.22891934E+10
  0.30600000E-07  0.23479986E+10
  0.30700000E-07  0.24083144E+10
  0.30800000E-07  0.24701796E+10
  0.30900000E-07  0.25336340E+10
  0.31000000E-07  0.25987185E+10
  0.31100000E-07  0.26654749E+10
  0.31200000E-07  0.27339461E+10
  0.31300000E-07  0.28041762E+10
  0.31400000E-07  0.28762104E+10
  0.31500000E-07  0.29500950E+10
  0.31600000E-07  0.30258776E+10
  0.31700000E-07  0.31036069E+10
  0.31800000E-07  0.31833329E+10
  0.31900000E-07  0.32651069E+10
  0.32000000E-07  0.33489816E+10
  0.32100000E-07  0.34350109E+10
  0.32200000E-07  0.35232501E+10
  0.32300000E-07  0.36137559E+10
  0.32400000E-07  0.37065868E+10
  0.32500000E-07  0.38018023E+10
  0.32600000E-07  0.38994637E+10
  0.32700000E-07  0.39996338E+10
  0.32800000E-07  0.41023771E+10
  0.32900000E-07  0.42077597E+10
  0.33000000E-07  0.43158494E+10
  0.33100000E-07  0.44267158E+10
  0.33200000E-07  0.45404301E+10
  0.33300000E-07  0.46570655E+10
  0.33400000E-07  0.47766970E+10
  0.33500000E-07  0.48994017E+10
  0.33600000E-07  0.50252584E+10
  0.33700000E-07  0.51543482E+10
  0.33800000E-07  0.52867540E+10
  0.33900000E-07  0.54225611E+10
  0.34000000E-07  0.55618569E+10
  0.34100000E-07  0.57047309E+10
  0.34200000E-07  0.58512751E+10
  0.34300000E-07  0.60015837E+10
  0.34400000E-07  0.61557535E+10
  0.34500000E-07  0.63138836E+10
  0.34600000E-07  0.64760758E+10
  0.34700000E-07  0.66424344E+10
  0.34800000E-07  0.68130665E+10
  0.34900000E-07  0.69880818E+10
  0.35000000E-07  0.71675930E+10
  0.35100000E-07  0.73517154E+10
  0.35200000E-07  0.75405676E+10
  0.35300000E-07  0.77342711E+10
  0.35400000E-07  0.79329505E+10
  0.35500000E-07  0.81367336E+10
  0.35600000E-07  0.83457515E+10
  0.35700000E-07  0.85601387E+10
  0.35800000E-07  0.87800331E+10
  0.35900000E-07  0.90055762E+10
  0.36000000E-07  0.92369131E+10
  0.36100000E-07  0.94741926E+10
  0.36200000E-07  0.97175674E+10
  0.36300000E-07  0.99671941E+10
  0.36400000E-07  0.10223233E+11
  0.36500000E-07  0.10485849E+11
  0.36600000E-07  0.10755212E+11
  0.36700000E-07  0.11031494E+11
  0.36800000E-07  0.11314873E+11
  0.36900000E-07  0.11605531E+11
  0.37000000E-07  0.11903656E+11
  0.37100000E-07  0.12209440E+11
  0.37200000E-07  0.12523078E+11
  0.37300000E-07  0.12844773E+11
  0.37400000E-07  0.13174732E+11
  0.37500000E-07  0.13513167E+11
  0.37600000E-07  0.13860296E+11
  0.37700000E-07  0.14216342E+11
  0.37800000E-07  0.14581534E+11
  0.37900000E-07  0.14956107E+11
  0.38000000E-07  0.15340302E+11
  0.38100000E-07  0.15734366E+11
  0.38200000E-07  0.16138554E+11
  0.38300000E-07  0.16553124E+11
  0.38400000E-07  0.16978343E+11
  0.38500000E-07  0.17414486E+11
  0.38600000E-07  0.17861833E+11
  0.38700000E-07  0.18320671E+11
  0.38800000E-07  0.18791296E+11
  0.38900000E-07  0.19274010E+11
  0.39000000E-07  0.19769124E+11
  0.39100000E-07  0.20276957E+11
  0.39200000E-07  0.20797835E+11
  0.39300000E-07  0.21332094E+11
  0.39400000E-07  0.21880077E+11
  0.39500000E-07  0.22442136E+11
  0.39600000E-07  0.23018634E+11
  0.39700000E-07  0.23609941E+11
  0.39800000E-07  0.24216437E+11
  0.39900000E-07  0.24838513E+11
  0.40000000E-07  0.25476570E+11
  0.40100000E-07  0.26131017E+11
  0.40200000E-07  0.26802275E+11
  0.40300000E-07  0.27490777E+11
  0.40400000E-07  0.28196965E+11
  0.40500000E-07  0.28921294E+11
  0.40600000E-07  0.29664229E+11
  0.40700000E-07  0.30426249E+11
  0.40800000E-07  0.31207844E+11
  0.40900000E-07  0.32009517E+11
  0.41000000E-07  0.32831784E+11
  0.41100000E-07  0.33675172E+11
  0.41200000E-07  0.34540227E+11
  0.41300000E-07  0.35427502E+11
  0.41400000E-07  0.36337570E+11
  0.41500000E-07  0.37271017E+11
  0.41600000E-07  0.38228441E+11
  0.41700000E-07  0.39210461E+11
  0.41800000E-07  0.40217706E+11
  0.41900000E-07  0.41250826E+11
  0.42000000E-07  0.42310485E+11
  0.42100000E-07  0.43397364E+11
  0.42200000E-07  0.44512164E+11
  0.42300000E-07  0.45655600E+11
  0.42400000E-07  0.46828410E+11
  0.42500000E-07  0.48031347E+11
  0.42600000E-07  0.49265185E+11
  0.42700000E-07  0.50530718E+11
  0.42800000E-07  0.51828760E+11
  0.42900000E-07  0.53160147E+11
  0.43000000E-07  0.54525734E+11
  0.43100000E-07  0.55926402E+11
  0.43200000E-07  0.57363049E+11
  0.43300000E-07  0.58836602E+11
  0.43400000E-07  0.60348007E+11
  0.43500000E-07  0.61898238E+11
  0.43600000E-07  0.63488291E+11
  0.43700000E-07  0.65119190E+11
  0.43800000E-07  0.66791984E+11
  0.43900000E-07  0.68507749E+11
  0.44000000E-07  0.70267588E+11
  0.44100000E-07  0.72072635E+11
  0.44200000E-07  0.73924050E+11
  0.44300000E-07  0.75823025E+11
  0.44400000E-07  0.77770780E+11
  0.44500000E-07  0.79768571E+11
  0.44600000E-07  0.81817680E+11
  0.44700000E-07  0.83919428E+11
  0.44800000E-07  0.86075166E+11
  0.44900000E-07  0.88286280E+11
  0.45000000E-07  0.90554194E+11
  0.45100000E-07  0.92880367E+11
  0.45200000E-07  0.95266295E+11
  0.45300000E-07  0.97713513E+11
  0.45400000E-07  0.10022360E+12
  0.45500000E-07  0.10279816E+12
  0.45600000E-07  0.10543886E+12
  0.45700000E-07  0.10814739E+12
  0.45800000E-07  0.11092550E+12
  0.45900000E-07  0.11377497E+12
  0.46000000E-07  0.11669765E+12
  0.46100000E-07  0.11969540E+12
  0.46200000E-07  0.12277015E+12
  0.46300000E-07  0.12592390E+12
  0.46400000E-07  0.12915865E+12
  0.46500000E-07  0.13247650E+12
  0.46600000E-07  0.13587958E+12
  0.46700000E-07  0.13937008E+12
  0.46800000E-07  0.14295025E+12
  0.46900000E-07  0.14662238E+12
  0.47000000E-07  0.15038884E+12
  0.47100000E-07  0.15425206E+12
  0.47200000E-07  0.15821451E+12
  0.47300000E-07  0.16227876E+12
  0.47400000E-07  0.16644740E+12
  0.47500000E-07  0.17072314E+12
  0.47600000E-07  0.17510870E+12
  0.47700000E-07  0.17960693E+12
  0.47800000E-07  0.18422070E+12
  0.47900000E-07  0.18895300E+12
  0.48000000E-07  0.19380686E+12
  0.48100000E-07  0.19878541E+12
  0.48200000E-07  0.20389184E+12
  0.48300000E-07  0.20912945E+12
  0.48400000E-07  0.21450161E+12
  0.48500000E-07  0.22001176E+12
  0.48600000E-07  0.22566347E+12
  0.48700000E-07  0.23146035E+12
  0.48800000E-07  0.23740615E+12
  0.48900000E-07  0.24350468E+12
  0.49000000E-07  0.24975987E+12
  0.49100000E-07  0.25617575E+12
  0.49200000E-07  0.26275644E+12
  0.49300000E-07  0.26950618E+12
  0.49400000E-07  0.27642930E+12
  0.49500000E-07  0.28353027E+12
  0.49600000E-07  0.29081365E+12
  0.49700000E-07  0.29828412E+12
  0.49800000E-07  0.30594650E+12
  0.49900000E-07  0.31380571E+12
  0.50000000E-07  0.32186681E+12
  0.50100000E-07  0.33013498E+12
  0.50200000E-07  0.33861555E+12
  0.50300000E-07  0.34731397E+12
  0.50400000E-07  0.35623583E+12
  0.50500000E-07  0.36538688E+12
  0.50600000E-07  0.37477301E+12
  0.50700000E-07  0.38440025E+12
  0.50800000E-07  0.39427479E+12
  0.50900000E-07  0.40440299E+12
  0.51000000E-07  0.41479137E+12
  0.51100000E-07  0.42544661E+12
  0.51200000E-07  0.43637556E+12
  0.51300000E-07  0.44758525E+12
  0.51400000E-07  0.45908291E+12
  0.51500000E-07  0.47087591E+12
  0.51600000E-07  0.48297186E+12
  0.51700000E-07  0.49537853E+12
  0.51800000E-07  0.50810390E+12
  0.51900000E-07  0.52115617E+12
  0.52000000E-07  0.53454373E+12
  0.52100000E-07  0.54827518E+12
  0.52200000E-07  0.56235938E+12
  0.52300000E-07  0.57680537E+12
  0.52400000E-07  0.59162245E+12
  0.52500000E-07  0.60682016E+12
  0.52600000E-07  0.62240826E+12
  0.52700000E-07  0.63839680E+12
  0.52800000E-07  0.65479606E+12
  0.52900000E-07  0.67161658E+12
  0.53000000E-07  0.68886919E+12
  0.53100000E-07  0.70656499E+12
  0.53200000E-07  0.72471536E+12
  0.53300000E-07  0.74333198E+12
  0.53400000E-07  0.76242683E+12
  0.53500000E-07  0.78201219E+12
  0.53600000E-07  0.80210066E+12
  0.53700000E-07  0.82270517E+12
  0.53800000E-07  0.84383897E+12
  0.53900000E-07  0.86551566E+12
  0.54000000E-07  0.88774919E+12
  0.54100000E-07  0.91055385E+12
  0.54200000E-07  0.93394432E+12
  0.54300000E-07  0.95793566E+12
  0.54400000E-07  0.98254329E+12
  0.54500000E-07  0.10077830E+13
  0.54600000E-07  0.10336712E+13
  0.54700000E-07  0.10602243E+13
  0.54800000E-07  0.10874595E+13
  0.54900000E-07  0.11153944E+13
  0.55000000E-07  0.11440468E+13
  0.55100000E-07  0.11734353E+13
  0.55200000E-07  0.12035787E+13
  0.55300000E-07  0.12344965E+13
  0.55400000E-07  0.12662085E+13
  0.55500000E-07  0.12987351E+13
  0.55600000E-07  0.13320972E+13
  0.55700000E-07  0.13663164E+13
  0.55800000E-07  0.14014146E+13
  0.55900000E-07  0.14374143E+13
  0.56000000E-07  0.14743389E+13
  0.56100000E-07  0.15122120E+13
  0.56200000E-07  0.15510580E+13
  0.56300000E-07  0.15909018E+13
  0.56400000E-07  0.16317692E+13
  0.56500000E-07  0.16736864E+13
  0.56600000E-07  0.17166804E+13
  0.56700000E-07  0.17607788E+13
  0.56800000E-07  0.18060100E+13
  0.56900000E-07  0.18524031E+13
  0.57000000E-07  0.18999880E+13
  0.57100000E-07  0.19487952E+13
  0.57200000E-07  0.19988562E+13
  0.57300000E-07  0.20502032E+13
  0.57400000E-07  0.21028692E+13
  0.57500000E-07  0.21568881E+13
  0.57600000E-07  0.22122946E+13
  0.57700000E-07  0.22691244E+13
  0.57800000E-07  0.23274141E+13
  0.57900000E-07  0.23872012E+13
  0.58000000E-07  0.24485240E+13
  0.58100000E-07  0.25114222E+13
  0.58200000E-07  0.25759360E+13
  0.58300000E-07  0.26421072E+13
  0.58400000E-07  0.27099781E+13
  0.58500000E-07  0.27795925E+13
  0.58600000E-07  0.28509952E+13
  0.58700000E-07  0.29242321E+13
  0.58800000E-07  0.29993503E+13
  0.58900000E-07  0.30763981E+13
  0.59000000E-07  0.31554252E+13
  0.59100000E-07  0.32364824E+13
  0.59200000E-07  0.33196217E+13
  0.59300000E-07  0.34048968E+13
  0.59400000E-07  0.34923624E+13
  0.59500000E-07  0.35820748E+13
  0.59600000E-07  0.36740918E+13
  0.59700000E-07  0.37684726E+13
  0.59800000E-07  0.38652778E+13
  0.59900000E-07  0.39645697E+13
  0.60000000E-07  0.40664123E+13
  0.60100000E-07  0.41708711E+13
  0.60200000E-07  0.42780132E+13
  0.60300000E-07  0.43879075E+13
  0.60400000E-07  0.45006249E+13
  0.60500000E-07  0.46162378E+13
  0.60600000E-07  0.47348206E+13
  0.60700000E-07  0.48564495E+13
  0.60800000E-07  0.49812029E+13
  0.60900000E-07  0.51091609E+13
  0.61000000E-07  0.52404060E+13
  0.61100000E-07  0.53750225E+13
  0.61200000E-07  0.55130970E+13
  0.61300000E-07  0.56547185E+13
  0.61400000E-07  0.57999779E+13
  0.61500000E-07  0.59489688E+13
  0.61600000E-07  0.61017870E+13
  0.61700000E-07  0.62585308E+13
  0.61800000E-07  0.64193011E+13
  0.61900000E-07  0.65842013E+13
  0.62000000E-07  0.67533374E+13
  0.62100000E-07  0.69268184E+13
  0.62200000E-07  0.71047558E+13
  0.62300000E-07  0.72872640E+13
  0.62400000E-07  0.74744606E+13
  0.62500000E-07  0.76664659E+13
  0.62600000E-07  0.78634035E+13
  0.62700000E-07  0.80654000E+13
  0.62800000E-07  0.82725855E+13
  0.62900000E-07  0.84850931E+13
  0.63000000E-07  0.87030597E+13
  0.63100000E-07  0.89266255E+13
  0.63200000E-07  0.91559343E+13
  0.63300000E-07  0.93911336E+13
  0.63400000E-07  0.96323748E+13
  0.63500000E-07  0.98798129E+13
  0.63600000E-07  0.10133607E+14
  0.63700000E-07  0.10393921E+14
  0.63800000E-07  0.10660922E+14
  0.63900000E-07  0.10934782E+14
  0.64000000E-07  0.11215677E+14
  0.64100000E-07  0.11503787E+14
  0.64200000E-07  0.11799298E+14
  0.64300000E-07  0.12102401E+14
  0.64400000E-07  0.12413289E+14
  0.64500000E-07  0.12732164E+14
  0.64600000E-07  0.13059230E+14
  0.64700000E-07  0.13394698E+14
  0.64800000E-07  0.13738784E+14
  0.64900000E-07  0.14091708E+14
  0.65000000E-07  0.14453698E+14
  0.65100000E-07  0.14824988E+14
  0.65200000E-07  0.15205815E+14
  0.65300000E-07  0.15596424E+14
  0.65400000E-07  0.15997068E+14
  0.65500000E-07  0.16408004E+14
  0.65600000E-07  0.16829495E+14
  0.65700000E-07  0.17261814E+14
  0.65800000E-07  0.17705239E+14
  0.65900000E-07  0.18160054E+14
  0.66000000E-07  0.18626553E+14
  0.66100000E-07  0.19105035E+14
  0.66200000E-07  0.19595809E+14
  0.66300000E-07  0.20099190E+14
  0.66400000E-07  0.20615501E+14
  0.66500000E-07  0.21145076E+14
  0.66600000E-07  0.21688254E+14
  0.66700000E-07  0.22245386E+14
  0.66800000E-07  0.22816830E+14
  0.66900000E-07  0.23402952E+14
  0.67000000E-07  0.24004131E+14
  0.67100000E-07  0.24620754E+14
  0.67200000E-07  0.25253216E+14
  0.67300000E-07  0.25901925E+14
  0.67400000E-07  0.26567299E+14
  0.67500000E-07  0.27249764E+14
  0.67600000E-07  0.27949761E+14
  0.67700000E-07  0.28667739E+14
  0.67800000E-07  0.29404161E+14
  0.67900000E-07  0.30159500E+14
  0.68000000E-07  0.30934243E+14
  0.68100000E-07  0.31728887E+14
  0.68200000E-07  0.32543944E+14
  0.68300000E-07  0.33379939E+14
  0.68400000E-07  0.34237409E+14
  0.68500000E-07  0.35116905E+14
  0.68600000E-07  0.36018995E+14
  0.68700000E-07  0.36944257E+14
  0.68800000E-07  0.37893287E+14
  0.68900000E-07  0.38866697E+14
  0.69000000E-07  0.39865111E+14
  0.69100000E-07  0.40889173E+14
  0.69200000E-07  0.41939541E+14
  0.69300000E-07  0.43016891E+14
  0.69400000E-07  0.44121917E+14
  0.69500000E-07  0.45255328E+14
  0.69600000E-07  0.46417855E+14
  0.69700000E-07  0.47610245E+14
  0.69800000E-07  0.48833265E+14
  0.69900000E-07  0.50087702E+14
  0.70000000E-07  0.51374364E+14
  0.70100000E-07  0.52694077E+14
  0.70200000E-07  0.54047692E+14
  0.70300000E-07  0.55436078E+14
  0.70400000E-07  0.56860129E+14
  0.70500000E-07  0.58320762E+14
  0.70600000E-07  0.59818915E+14
  0.70700000E-07  0.61355554E+14
  0.70800000E-07  0.62931666E+14
  0.70900000E-07  0.64548265E+14
  0.71000000E-07  0.66206392E+14
  0.71100000E-07  0.67907112E+14
  0.71200000E-07  0.69651522E+14
  0.71300000E-07  0.71440741E+14
  0.71400000E-07  0.73275923E+14
  0.71500000E-07  0.75158247E+14
  0.71600000E-07  0.77088925E+14
  0.71700000E-07  0.79069198E+14
  0.71800000E-07  0.81100340E+14
  0.71900000E-07  0.83183659E+14
  0.72000000E-07  0.85320494E+14
  0.72100000E-07  0.87512221E+14
  0.72200000E-07  0.89760249E+14
  0.72300000E-07  0.92066025E+14
  0.72400000E-07  0.94431032E+14
  0.72500000E-07  0.96856791E+14
  0.72600000E-07  0.99344864E+14
  0.72700000E-07  0.10189685E+15
  0.72800000E-07  0.10451439E+15
  0.72900000E-07  0.10719918E+15
  0.73000000E-07  0.10995292E+15
  0.73100000E-07  0.11277741E+15
  0.73200000E-07  0.11567446E+15
  0.73300000E-07  0.11864592E+15
  0.73400000E-07  0.12169371E+15
  0.73500000E-07  0.12481980E+15
  0.73600000E-07  0.12802619E+15
  0.73700000E-07  0.13131495E+15
  0.73800000E-07  0.13468819E+15
  0.73900000E-07  0.13814808E+15
  0.74000000E-07  0.14169684E+15
  0.74100000E-07  0.14533677E+15
  0.74200000E-07  0.14907021E+15
  0.74300000E-07  0.15289954E+15
  0.74400000E-07  0.15682725E+15
  0.74500000E-07  0.16085585E+15
  0.74600000E-07  0.16498794E+15
  0.74700000E-07  0.16922617E+15
  0.74800000E-07  0.17357328E+15
  0.74900000E-07  0.17803205E+15
  0.75000000E-07  0.18260536E+15
  0.75100000E-07  0.18729616E+15
  0.75200000E-07  0.19210745E+15
  0.75300000E-07  0.19704233E+15
  0.75400000E-07  0.20210398E+15
  0.75500000E-07  0.20729565E+15
  0.75600000E-07  0.21262069E+15
  0.75700000E-07  0.21808252E+15
  0.75800000E-07  0.22368465E+15
  0.75900000E-07  0.22943069E+15
  0.76000000E-07  0.23532433E+15
  0.76100000E-07  0.24136937E+15
  0.76200000E-07  0.24756970E+15
  0.76300000E-07  0.25392930E+15
  0.76400000E-07  0.26045227E+15
  0.76500000E-07  0.26714280E+15
  0.76600000E-07  0.27400519E+15
  0.76700000E-07  0.28104387E+15
  0.76800000E-07  0.28826336E+15
  0.76900000E-07  0.29566830E+15
  0.77000000E-07  0.30326346E+15
  0.77100000E-07  0.31105372E+15
  0.77200000E-07  0.31904410E+15
  0.77300000E-07  0.32723974E+15
  0.77400000E-07  0.33564591E+15
  0.77500000E-07  0.34426801E+15
  0.77600000E-07  0.35311160E+15
  0.77700000E-07  0.36218237E+15
  0.77800000E-07  0.37148614E+15
  0.77900000E-07  0.38102891E+15
  0.78000000E-07  0.39081682E+15
  0.78100000E-07  0.40085615E+15
  0.78200000E-07  0.41115338E+15
  0.78300000E-07  0.42171512E+15
  0.78400000E-07  0.43254817E+15
  0.78500000E-07  0.44365950E+15
  0.78600000E-07  0.45505626E+15
  0.78700000E-07  0.46674578E+15
  0.78800000E-07  0.47873557E+15
  0.78900000E-07  0.49103336E+15
  0.79000000E-07  0.50364706E+15
  0.79100000E-07  0.51658477E+15
  0.79200000E-07  0.52985483E+15
  0.79300000E-07  0.54346577E+15
  0.79400000E-07  0.55742634E+15
  0.79500000E-07  0.57174553E+15
  0.79600000E-07  0.58643256E+15
  0.79700000E-07  0.60149686E+15
  0.79800000E-07  0.61694813E+15
  0.79900000E-07  0.63279631E+15
  0.80000000E-07  0.64905160E+15
  0.80100000E-07  0.66572445E+15
  0.80200000E-07  0.68282559E+15
  0.80300000E-07  0.70036602E+15
  0.80400000E-07  0.71835703E+15
  0.80500000E-07  0.73681019E+15
  0.80600000E-07  0.75573737E+15
  0.80700000E-07  0.77515075E+15
  0.80800000E-07  0.79506281E+15
  0.80900000E-07  0.81548637E+15
  0.81000000E-07  0.83643457E+15
  0.81100000E-07  0.85792088E+15
  0.81200000E-07  0.87995912E+15
  0.81300000E-07  0.90256348E+15
  0.81400000E-07  0.92574849E+15
  0.81500000E-07  0.94952908E+15
  0.81600000E-07  0.97392053E+15
  0.81700000E-07  0.99893854E+15
  0.81800000E-07  0.10245992E+16
  0.81900000E-07  0.10509190E+16
  0.82000000E-07  0.10779150E+16
  0.82100000E-07  0.11056043E+16
  0.82200000E-07  0.11340050E+16
  0.82300000E-07  0.11631352E+16
  0.82400000E-07  0.11930137E+16
  0.82500000E-07  0.12236597E+16
  0.82600000E-07  0.12550929E+16
  0.82700000E-07  0.12873336E+16
  0.82800000E-07  0.13204024E+16
  0.82900000E-07  0.13543207E+16
  0.83000000E-07  0.13891103E+16
  0.83100000E-07  0.14247936E+16
  0.83200000E-07  0.14613934E+16
  0.83300000E-07  0.14989334E+16
  0.83400000E-07  0.15374377E+16
  0.83500000E-07  0.15769311E+16
  0.83600000E-07  0.16174390E+16
  0.83700000E-07  0.16589874E+16
  0.83800000E-07  0.17016031E+16
  0.83900000E-07  0.17453135E+16
  0.84000000E-07  0.17901466E+16
  0.84100000E-07  0.18361314E+16
  0.84200000E-07  0.18832975E+16
  0.84300000E-07  0.19316751E+16
  0.84400000E-07  0.19812954E+16
  0.84500000E-07  0.20321903E+16
  0.84600000E-07  0.20843925E+16
  0.84700000E-07  0.21379357E+16
  0.84800000E-07  0.21928542E+16
  0.84900000E-07  0.22491834E+16
  0.85000000E-07  0.23069596E+16
  0.85100000E-07  0.23662199E+16
  0.85200000E-07  0.24270024E+16
  0.85300000E-07  0.24893462E+16
  0.85400000E-07  0.25532914E+16
  0.85500000E-07  0.26188792E+16
  0.85600000E-07  0.26861517E+16
  0.85700000E-07  0.27551523E+16
  0.85800000E-07  0.28259252E+16
  0.85900000E-07  0.28985161E+16
  0.86000000E-07  0.29729716E+16
  0.86100000E-07  0.30493396E+16
  0.86200000E-07  0.31276693E+16
  0.86300000E-07  0.32080110E+16
  0.86400000E-07  0.32904164E+16
  0.86500000E-07  0.33749385E+16
  0.86600000E-07  0.34616317E+16
  0.86700000E-07  0.35505517E+16
  0.86800000E-07  0.36417558E+16
  0.86900000E-07  0.37353026E+16
  0.87000000E-07  0.38312522E+16
  0.87100000E-07  0.39296664E+16
  0.87200000E-07  0.40306085E+16
  0.87300000E-07  0.41341435E+16
  0.87400000E-07  0.42403378E+16
  0.87500000E-07  0.43492599E+16
  0.87600000E-07  0.44609798E+16
  0.87700000E-07  0.45755692E+16
  0.87800000E-07  0.46931021E+16
  0.87900000E-07  0.48136538E+16
  0.88000000E-07  0.49373020E+16
  0.88100000E-07  0.50641262E+16
  0.88200000E-07  0.51942080E+16
  0.88300000E-07  0.53276310E+16
  0.88400000E-07  0.54644811E+16
  0.88500000E-07  0.56048462E+16
  0.88600000E-07  0.57488166E+16
  0.88700000E-07  0.58964850E+16
  0.88800000E-07  0.60479463E+16
  0.88900000E-07  0.62032978E+16
  0.89000000E-07  0.63626397E+16
  0.89100000E-07  0.65260742E+16
  0.89200000E-07  0.66937065E+16
  0.89300000E-07  0.68656444E+16
  0.89400000E-07  0.70419985E+16
  0.89500000E-07  0.72228822E+16
  0.89600000E-07  0.74084119E+16
  0.89700000E-07  0.75987068E+16
  0.89800000E-07  0.77938893E+16
  0.89900000E-07  0.79940849E+16
  0.90000000E-07  0.81994224E+16
  0.90100000E-07  0.84100338E+16
  0.90200000E-07  0.86260546E+16
  0.90300000E-07  0.88476236E+16
  0.90400000E-07  0.90748834E+16
  0.90500000E-07  0.93079800E+16
  0.90600000E-07  0.95470634E+16
  0.90700000E-07  0.97922873E+16
  0.90800000E-07  0.10043809E+17
  0.90900000E-07  0.10301791E+17
  0.91000000E-07  0.10566399E+17
  0.91100000E-07  0.10837803E+17
  0.91200000E-07  0.11116177E+17
  0.91300000E-07  0.11401700E+17
  0.91400000E-07  0.11694556E+17
  0.91500000E-07  0.11994934E+17
  0.91600000E-07  0.12303026E+17
  0.91700000E-07  0.12619030E+17
  0.91800000E-07  0.12943150E+17
  0.91900000E-07  0.13275594E+17
  0.92000000E-07  0.13616576E+17
  0.92100000E-07  0.13966315E+17
  0.92200000E-07  0.14325035E+17
  0.92300000E-07  0.14692968E+17
  0.92400000E-07  0.15070349E+17
  0.92500000E-07  0.15457422E+17
  0.92600000E-07  0.15854436E+17
  0.92700000E-07  0.16261644E+17
  0.92800000E-07  0.16679310E+17
  0.92900000E-07  0.17107702E+17
  0.93000000E-07  0.17547094E+17
  0.93100000E-07  0.17997770E+17
  0.93200000E-07  0.18460019E+17
  0.93300000E-07  0.18934137E+17
  0.93400000E-07  0.19420431E+17
  0.93500000E-07  0.19919212E+17
  0.93600000E-07  0.20430801E+17
  0.93700000E-07  0.20955527E+17
  0.93800000E-07  0.21493726E+17
  0.93900000E-07  0.22045745E+17
  0.94000000E-07  0.22611938E+17
  0.94100000E-07  0.23192670E+17
  0.94200000E-07  0.23788312E+17
  0.94300000E-07  0.24399249E+17
  0.94400000E-07  0.25025872E+17
  0.94500000E-07  0.25668585E+17
  0.94600000E-07  0.26327799E+17
  0.94700000E-07  0.27003938E+17
  0.94800000E-07  0.27697438E+17
  0.94900000E-07  0.28408742E+17
  0.95000000E-07  0.29138309E+17
  0.95100000E-07  0.29886606E+17
  0.95200000E-07  0.30654115E+17
  0.95300000E-07  0.31441328E+17
  0.95400000E-07  0.32248751E+17
  0.95500000E-07  0.33076902E+17
  0.95600000E-07  0.33926313E+17
  0.95700000E-07  0.34797530E+17
  0.95800000E-07  0.35691112E+17
  0.95900000E-07  0.36607632E+17
  0.96000000E-07  0.37547680E+17
  0.96100000E-07  0.38511858E+17
  0.96200000E-07  0.39500786E+17
  0.96300000E-07  0.40515098E+17
  0.96400000E-07  0.41555446E+17
  0.96500000E-07  0.42622497E+17
  0.96600000E-07  0.43716936E+17
  0.96700000E-07  0.44839466E+17
  0.96800000E-07  0.45990806E+17
  0.96900000E-07  0.47171696E+17
  0.97000000E-07  0.48382893E+17
  0.97100000E-07  0.49625175E+17
  0.97200000E-07  0.50899338E+17
  0.97300000E-07  0.52206201E+17
  0.97400000E-07  0.53546600E+17
  0.97500000E-07  0.54921396E+17
  0.97600000E-07  0.56331471E+17
  0.97700000E-07  0.57777728E+17
  0.97800000E-07  0.59261096E+17
  0.97900000E-07  0.60782526E+17
  0.98000000E-07  0.62342992E+17
  0.98100000E-07  0.63943496E+17
  0.98200000E-07  0.65585063E+17
  0.98300000E-07  0.67268746E+17
  0.98400000E-07  0.68995624E+17
  0.98500000E-07  0.70766803E+17
  0.98600000E-07  0.72583418E+17
  0.98700000E-07  0.74446633E+17
  0.98800000E-07  0.76357643E+17
  0.98900000E-07  0.78317670E+17
  0.99000000E-07  0.80327971E+17
  0.99100000E-07  0.82389833E+17
  0.99200000E-07  0.84504577E+17
  0.99300000E-07  0.86673556E+17
  0.99400000E-07  0.88898159E+17
  0.99500000E-07  0.91179810E+17
  0.99600000E-07  0.93519969E+17
  0.99700000E-07  0.95920135E+17
  0.99800000E-07  0.98381843E+17
  0.99900000E-07  0.10090667E+18
  0.10000000E-06  0.10349622E+18
  0.10010000E-06  0.10615217E+18
  0.10020000E-06  0.10887620E+18
  0.10030000E-06  0.11167006E+18
  0.10040000E-06  0.11453553E+18
  0.10050000E-06  0.11747446E+18
  0.10060000E-06  0.12048870E+18
  0.10070000E-06  0.12358020E+18
  0.10080000E-06  0.12675092E+18
  0.10090000E-06  0.13000289E+18
  0.10100000E-06  0.13333820E+18
  0.10110000E-06  0.13675895E+18
  0.10120000E-06  0.14026736E+18
  0.10130000E-06  0.14386564E+18
  0.10140000E-06  0.14755609E+18
  0.10150000E-06  0.15134108E+18
  0.10160000E-06  0.15522302E+18
  0.10170000E-06  0.15920438E+18
  0.10180000E-06  0.16328770E+18
  0.10190000E-06  0.16747558E+18
  0.10200000E-06  0.17177069E+18
  0.10210000E-06  0.17617577E+18
  0.10220000E-06  0.18069362E+18
  0.10230000E-06  0.18532713E+18
  0.10240000E-06  0.19007924E+18
  0.10250000E-06  0.19495297E+18
  0.10260000E-06  0.19995143E+18
  0.10270000E-06  0.20507780E+18
  0.10280000E-06  0.21033533E+18
  0.10290000E-06  0.21572737E+18
  0.10300000E-06  0.22125735E+18
  0.10310000E-06  0.22692878E+18
  0.10320000E-06  0.23274526E+18
  0.10330000E-06  0.23871048E+18
  0.10340000E-06  0.24482823E+18
  0.10350000E-06  0.25110240E+18
  0.10360000E-06  0.25753696E+18
  0.10370000E-06  0.26413599E+18
  0.10380000E-06  0.27090367E+18
  0.10390000E-06  0.27784430E+18
  0.10400000E-06  0.28496226E+18
  0.10410000E-06  0.29226207E+18
  0.10420000E-06  0.29974834E+18
  0.10430000E-06  0.30742581E+18
  0.10440000E-06  0.31529933E+18
  0.10450000E-06  0.32337387E+18
  0.10460000E-06  0.33165455E+18
  0.10470000E-06  0.34014658E+18
  0.10480000E-06  0.34885532E+18
  0.10490000E-06  0.35778627E+18
  0.10500000E-06  0.36694506E+18
  0.10510000E-06  0.37633746E+18
  0.10520000E-06  0.38596939E+18
  0.10530000E-06  0.39584689E+18
  0.10540000E-06  0.40597620E+18
  0.10550000E-06  0.41636368E+18
  0.10560000E-06  0.42701585E+18
  0.10570000E-06  0.43793940E+18
  0.10580000E-06  0.44914120E+18
  0.10590000E-06  0.46062825E+18
  0.10600000E-06  0.47240777E+18
  0.10610000E-06  0.48448712E+18
  0.10620000E-06  0.49687388E+18
  0.10630000E-06  0.50957578E+18
  0.10640000E-06  0.52260077E+18
  0.10650000E-06  0.53595697E+18
  0.10660000E-06  0.54965273E+18
  0.10670000E-06  0.56369658E+18
  0.10680000E-06  0.57809727E+18
  0.10690000E-06  0.59286377E+18
  0.10700000E-06  0.60800526E+18
  0.10710000E-06  0.62353115E+18
  0.10720000E-06  0.63945108E+18
  0.10730000E-06  0.65577492E+18
  0.10740000E-06  0.67251280E+18
  0.10750000E-06  0.68967507E+18
  0.10760000E-06  0.70727234E+18
  0.10770000E-06  0.72531550E+18
  0.10780000E-06  0.74381567E+18
  0.10790000E-06  0.76278427E+18
  0.10800000E-06  0.78223297E+18
  0.10810000E-06  0.80217375E+18
  0.10820000E-06  0.82261885E+18
  0.10830000E-06  0.84358082E+18
  0.10840000E-06  0.86507251E+18
  0.10850000E-06  0.88710708E+18
  0.10860000E-06  0.90969801E+18
  0.10870000E-06  0.93285908E+18
  0.10880000E-06  0.95660442E+18
  0.10890000E-06  0.98094849E+18
  0.10900000E-06  0.10059061E+19
  0.10910000E-06  0.10314924E+19
  0.10920000E-06  0.10577229E+19
  0.10930000E-06  0.10846135E+19
  0.10940000E-06  0.11121804E+19
  0.10950000E-06  0.11404403E+19
  0.10960000E-06  0.11694101E+19
  0.10970000E-06  0.11991074E+19
  0.10980000E-06  0.12295499E+19
  0.10990000E-06  0.12607560E+19
  0.11000000E-06  0.12927441E+19
  0.11010000E-06  0.13255335E+19
  0.11020000E-06  0.13591437E+19
  0.11030000E-06  0.13935947E+19
  0.11040000E-06  0.14289069E+19
  0.11050000E-06  0.14651013E+19
  0.11060000E-06  0.15021991E+19
  0.11070000E-06  0.15402224E+19
  0.11080000E-06  0.15791934E+19
  0.11090000E-06  0.16191350E+19
  0.11100000E-06  0.16600707E+19
  0.11110000E-06  0.17020243E+19
  0.11120000E-06  0.17450203E+19
  0.11130000E-06  0.17890836E+19
  0.11140000E-06  0.18342398E+19
  0.11150000E-06  0.18805150E+19
  0.11160000E-06  0.19279359E+19
  0.11170000E-06  0.19765296E+19
  0.11180000E-06  0.20263242E+19
  0.11190000E-06  0.20773479E+19
  0.11200000E-06  0.21296299E+19
  0.11210000E-06  0.21831998E+19
  0.11220000E-06  0.22380880E+19
  0.11230000E-06  0.22943253E+19
  0.11240000E-06  0.23519434E+19
  0.11250000E-06  0.24109746E+19
  0.11260000E-06  0.24714517E+19
  0.11270000E-06  0.25334085E+19
  0.11280000E-06  0.25968791E+19
  0.11290000E-06  0.26618986E+19
  0.11300000E-06  0.27285027E+19
  0.11310000E-06  0.27967279E+19
  0.11320000E-06  0.28666111E+19
  0.11330000E-06  0.29381905E+19
  0.11340000E-06  0.30115045E+19
  0.11350000E-06  0.30865927E+19
  0.11360000E-06  0.31634950E+19
  0.11370000E-06  0.32422524E+19
  0.11380000E-06  0.33229067E+19
  0.11390000E-06  0.34055002E+19
  0.11400000E-06  0.34900762E+19
  0.11410000E-06  0.35766788E+19
  0.11420000E-06  0.36653529E+19
  0.11430000E-06  0.37561440E+19
  0.11440000E-06  0.38490987E+19
  0.11450000E-06  0.39442643E+19
  0.11460000E-06  0.40416888E+19
  0.11470000E-06  0.41414212E+19
  0.11480000E-06  0.42435113E+19
  0.11490000E-06  0.43480095E+19
  0.11500000E-06  0.44549675E+19
  0.11510000E-06  0.45644373E+19
  0.11520000E-06  0.46764720E+19
  0.11530000E-06  0.47911256E+19
  0.11540000E-06  0.49084528E+19
  0.11550000E-06  0.50285091E+19
  0.11560000E-06  0.51513509E+19
  0.11570000E-06  0.52770353E+19
  0.11580000E-06  0.54056204E+19
  0.11590000E-06  0.55371649E+19
  0.11600000E-06  0.56717283E+19
  0.11610000E-06  0.58093711E+19
  0.11620000E-06  0.59501543E+19
  0.11630000E-06  0.60941398E+19
  0.11640000E-06  0.62413902E+19
  0.11650000E-06  0.63919689E+19
  0.11660000E-06  0.65459398E+19
  0.11670000E-06  0.67033677E+19
  0.11680000E-06  0.68643180E+19
  0.11690000E-06  0.70288566E+19
  0.11700000E-06  0.71970503E+19
  0.11710000E-06  0.73689663E+19
  0.11720000E-06  0.75446723E+19
  0.11730000E-06  0.77242367E+19
  0.11740000E-06  0.79077284E+19
  0.11750000E-06  0.80952165E+19
  0.11760000E-06  0.82867708E+19
  0.11770000E-06  0.84824614E+19
  0.11780000E-06  0.86823588E+19
  0.11790000E-06  0.88865336E+19
  0.11800000E-06  0.90950568E+19
  0.11810000E-06  0.93079996E+19
  0.11820000E-06  0.95254333E+19
  0.11830000E-06  0.97474293E+19
  0.11840000E-06  0.99740591E+19
  0.11850000E-06  0.10205394E+20
  0.11860000E-06  0.10441506E+20
  0.11870000E-06  0.10682465E+20
  0.11880000E-06  0.10928342E+20
  0.11890000E-06  0.11179209E+20
  0.11900000E-06  0.11435136E+20
  0.11910000E-06  0.11696191E+20
  0.11920000E-06  0.11962445E+20
  0.11930000E-06  0.12233966E+20
  0.11940000E-06  0.12510822E+20
  0.11950000E-06  0.12793080E+20
  0.11960000E-06  0.13080806E+20
  0.11970000E-06  0.13374066E+20
  0.11980000E-06  0.13672923E+20
  0.11990000E-06  0.13977441E+20
  0.12000000E-06  0.14287681E+20
  0.12010000E-06  0.14603703E+20
  0.12020000E-06  0.14925566E+20
  0.12030000E-06  0.15253326E+20
  0.12040000E-06  0.15587040E+20
  0.12050000E-06  0.15926761E+20
  0.12060000E-06  0.16272540E+20
  0.12070000E-06  0.16624425E+20
  0.12080000E-06  0.16982465E+20
  0.12090000E-06  0.17346704E+20
  0.12100000E-06  0.17717185E+20
  0.12110000E-06  0.18093945E+20
  0.12120000E-06  0.18477024E+20
  0.12130000E-06  0.18866453E+20
  0.12140000E-06  0.19262265E+20
  0.12150000E-06  0.19664487E+20
  0.12160000E-06  0.20073143E+20
  0.12170000E-06  0.20488255E+20
  0.12180000E-06  0.20909839E+20
  0.12190000E-06  0.21337910E+20
  0.12200000E-06  0.21772478E+20
  0.12210000E-06  0.22213548E+20
  0.12220000E-06  0.22661124E+20
  0.12230000E-06  0.23115201E+20
  0.12240000E-06  0.23575775E+20
  0.12250000E-06  0.24042833E+20
  0.12260000E-06  0.24516361E+20
  0.12270000E-06  0.24996339E+20
  0.12280000E-06  0.25482741E+20
  0.12290000E-06  0.25975538E+20
  0.12300000E-06  0.26474695E+20
  0.12310000E-06  0.26980172E+20
  0.12320000E-06  0.27491924E+20
  0.12330000E-06  0.28009902E+20
  0.12340000E-06  0.28534050E+20
  0.12350000E-06  0.29064307E+20
  0.12360000E-06  0.29600607E+20
  0.12370000E-06  0.30142878E+20
  0.12380000E-06  0.30691044E+20
  0.12390000E-06  0.31245022E+20
  0.12400000E-06  0.31804724E+20
  0.12410000E-06  0.32370056E+20
  0.12420000E-06  0.32940919E+20
  0.12430000E-06  0.33517208E+20
  0.12440000E-06  0.34098812E+20
  0.12450000E-06  0.34685617E+20
  0.12460000E-06  0.35277501E+20
  0.12470000E-06  0.35874337E+20
  0.12480000E-06  0.36475994E+20
  0.12490000E-06  0.37082333E+20
  0.12500000E-06  0.37693213E+20
  0.12510000E-06  0.38308486E+20
  0.12520000E-06  0.38928000E+20
  0.12530000E-06  0.39551597E+20
  0.12540000E-06  0.40179115E+20
  0.12550000E-06  0.40810387E+20
  0.12560000E-06  0.41445243E+20
  0.12570000E-06  0.42083508E+20
  0.12580000E-06  0.42725001E+20
  0.12590000E-06  0.43369539E+20
  0.12600000E-06  0.44016936E+20
  0.12610000E-06  0.44667000E+20
  0.12620000E-06  0.45319538E+20
  0.12630000E-06  0.45974353E+20
  0.12640000E-06  0.46631245E+20
  0.12650000E-06  0.47290012E+20
  0.12660000E-06  0.47950449E+20
  0.12670000E-06  0.48612349E+20
  0.12680000E-06  0.49275504E+20
  0.12690000E-06  0.49939702E+20
  0.12700000E-06  0.50604733E+20
  0.12710000E-06  0.51270383E+20
  0.12720000E-06  0.51936439E+20
  0.12730000E-06  0.52602688E+20
  0.12740000E-06  0.53268914E+20
  0.12750000E-06  0.53934903E+20
  0.12760000E-06  0.54600442E+20
  0.12770000E-06  0.55265316E+20
  0.12780000E-06  0.55929315E+20
  0.12790000E-06  0.56592225E+20
  0.12800000E-06  0.57253837E+20
  0.12810000E-06  0.57913943E+20
  0.12820000E-06  0.58572337E+20
  0.12830000E-06  0.59228813E+20
  0.12840000E-06  0.59883170E+20
  0.12850000E-06  0.60535209E+20
  0.12860000E-06  0.61184733E+20
  0.12870000E-06  0.61831550E+20
  0.12880000E-06  0.62475469E+20
  0.12890000E-06  0.63116304E+20
  0.12900000E-06  0.63753873E+20
  0.12910000E-06  0.64387997E+20
  0.12920000E-06  0.65018501E+20
  0.12930000E-06  0.65645216E+20
  0.12940000E-06  0.66267975E+20
  0.12950000E-06  0.66886618E+20
  0.12960000E-06  0.67500988E+20
  0.12970000E-06  0.68110934E+20
  0.12980000E-06  0.68716310E+20
  0.12990000E-06  0.69316973E+20
  0.13000000E-06  0.69912788E+20
  0.13010000E-06  0.70503624E+20
  0.13020000E-06  0.71089355E+20
  0.13030000E-06  0.71669862E+20
  0.13040000E-06  0.72245029E+20
  0.13050000E-06  0.72814748E+20
  0.13060000E-06  0.73378915E+20
  0.13070000E-06  0.73937432E+20
  0.13080000E-06  0.74490206E+20
  0.13090000E-06  0.75037150E+20
  0.13100000E-06  0.75578184E+20
  0.13110000E-06  0.76113231E+20
  0.13120000E-06  0.76642220E+20
  0.13130000E-06  0.77165087E+20
  0.13140000E-06  0.77681772E+20
  0.13150000E-06  0.78192221E+20
  0.13160000E-06  0.78696385E+20
  0.13170000E-06  0.79194220E+20
  0.13180000E-06  0.79685687E+20
  0.13190000E-06  0.80170753E+20
  0.13200000E-06  0.80649389E+20
  0.13210000E-06  0.81121571E+20
  0.13220000E-06  0.81587279E+20
  0.13230000E-06  0.82046500E+20
  0.13240000E-06  0.82499224E+20
  0.13250000E-06  0.82945444E+20
  0.13260000E-06  0.83385159E+20
  0.13270000E-06  0.83818373E+20
  0.13280000E-06  0.84245091E+20
  0.13290000E-06  0.84665326E+20
  0.13300000E-06  0.85079091E+20
  0.13310000E-06  0.85486405E+20
  0.13320000E-06  0.85887289E+20
  0.13330000E-06  0.86281769E+20
  0.13340000E-06  0.86669873E+20
  0.13350000E-06  0.87051632E+20
  0.13360000E-06  0.87427081E+20
  0.13370000E-06  0.87796258E+20
  0.13380000E-06  0.88159202E+20
  0.13390000E-06  0.88515956E+20
  0.13400000E-06  0.88866566E+20
  0.13410000E-06  0.89211078E+20
  0.13420000E-06  0.89549543E+20
  0.13430000E-06  0.89882013E+20
  0.13440000E-06  0.90208540E+20
  0.13450000E-06  0.90529182E+20
  0.13460000E-06  0.90843994E+20
  0.13470000E-06  0.91153037E+20
  0.13480000E-06  0.91456371E+20
  0.13490000E-06  0.91754057E+20
  0.13500000E-06  0.92046159E+20
  0.13510000E-06  0.92332740E+20
  0.13520000E-06  0.92613868E+20
  0.13530000E-06  0.92889607E+20
  0.13540000E-06  0.93160025E+20
  0.13550000E-06  0.93425190E+20
  0.13560000E-06  0.93685172E+20
  0.13570000E-06  0.93940039E+20
  0.13580000E-06  0.94189860E+20
  0.13590000E-06  0.94434708E+20
  0.13600000E-06  0.94674651E+20
  0.13610000E-06  0.94909762E+20
  0.13620000E-06  0.95140111E+20
  0.13630000E-06  0.95365770E+20
  0.13640000E-06  0.95586810E+20
  0.13650000E-06  0.95803302E+20
  0.13660000E-06  0.96015319E+20
  0.13670000E-06  0.96222930E+20
  0.13680000E-06  0.96426209E+20
  0.13690000E-06  0.96625224E+20
  0.13700000E-06  0.96820047E+20
  0.13710000E-06  0.97010749E+20
  0.13720000E-06  0.97197399E+20
  0.13730000E-06  0.97380067E+20
  0.13740000E-06  0.97558822E+20
  0.13750000E-06  0.97733734E+20
  0.13760000E-06  0.97904869E+20
  0.13770000E-06  0.98072296E+20
  0.13780000E-06  0.98236082E+20
  0.13790000E-06  0.98396293E+20
  0.13800000E-06  0.98552996E+20
  0.13810000E-06  0.98706255E+20
  0.13820000E-06  0.98856135E+20
  0.13830000E-06  0.99002701E+20
  0.13840000E-06  0.99146014E+20
  0.13850000E-06  0.99286138E+20
  0.13860000E-06  0.99423135E+20
  0.13870000E-06  0.99557065E+20
  0.13880000E-06  0.99687988E+20
  0.13890000E-06  0.99815965E+20
  0.13900000E-06  0.99941052E+20
  0.13910000E-06  0.10006331E+21
  0.13920000E-06  0.10018279E+21
  0.13930000E-06  0.10029956E+21
  0.13940000E-06  0.10041366E+21
  0.13950000E-06  0.10052516E+21
  0.13960000E-06  0.10063410E+21
  0.13970000E-06  0.10074054E+21
  0.13980000E-06  0.10084454E+21
  0.13990000E-06  0.10094613E+21
  0.14000000E-06  0.10104538E+21
  0.14010000E-06  0.10114233E+21
  0.14020000E-06  0.10123703E+21
  0.14030000E-06  0.10132953E+21
  0.14040000E-06  0.10141988E+21
  0.14050000E-06  0.10150812E+21
  0.14060000E-06  0.10159429E+21
  0.14070000E-06  0.10167845E+21
  0.14080000E-06  0.10176064E+21
  0.14090000E-06  0.10184090E+21
  0.14100000E-06  0.10191926E+21
  0.14110000E-06  0.10199579E+21
  0.14120000E-06  0.10207050E+21
  0.14130000E-06  0.10214345E+21
  0.14140000E-06  0.10221467E+21
  0.14150000E-06  0.10228421E+21
  0.14160000E-06  0.10235209E+21
  0.14170000E-06  0.10241837E+21
  0.14180000E-06  0.10248306E+21
  0.14190000E-06  0.10254621E+21
  0.14200000E-06  0.10260786E+21
  0.14210000E-06  0.10266803E+21
  0.14220000E-06  0.10272677E+21
  0.14230000E-06  0.10278409E+21
  0.14240000E-06  0.10284005E+21
  0.14250000E-06  0.10289466E+21
  0.14260000E-06  0.10294796E+21
  0.14270000E-06  0.10299998E+21
  0.14280000E-06  0.10305074E+21
  0.14290000E-06  0.10310028E+21
  0.14300000E-06  0.10314863E+21
  0.14310000E-06  0.10319581E+21
  0.14320000E-06  0.10324185E+21
  0.14330000E-06  0.10328678E+21
  0.14340000E-06  0.10333062E+21
  0.14350000E-06  0.10337340E+21
  0.14360000E-06  0.10341514E+21
  0.14370000E-06  0.10345586E+21
  0.14380000E-06  0.10349560E+21
  0.14390000E-06  0.10353437E+21
  0.14400000E-06  0.10357220E+21
  0.14410000E-06  0.10360911E+21
  0.14420000E-06  0.10364512E+21
  0.14430000E-06  0.10368025E+21
  0.14440000E-06  0.10371452E+21
  0.14450000E-06  0.10374796E+21
  0.14460000E-06  0.10378058E+21
  0.14470000E-06  0.10381241E+21
  0.14480000E-06  0.10384345E+21
  0.14490000E-06  0.10387374E+21
  0.14500000E-06  0.10390328E+21
  0.14510000E-06  0.10393210E+21
  0.14520000E-06  0.10396022E+21
  0.14530000E-06  0.10398764E+21
  0.14540000E-06  0.10401439E+21
  0.14550000E-06  0.10404049E+21
  0.14560000E-06  0.10406594E+21
  0.14570000E-06  0.10409077E+21
  0.14580000E-06  0.10411499E+21
  0.14590000E-06  0.10413861E+21
  0.14600000E-06  0.10416166E+21
  0.14610000E-06  0.10418413E+21
  0.14620000E-06  0.10420605E+21
  0.14630000E-06  0.10422743E+21
  0.14640000E-06  0.10424828E+21
  0.14650000E-06  0.10426862E+21
  0.14660000E-06  0.10428846E+21
  0.14670000E-06  0.10430781E+21
  0.14680000E-06  0.10432668E+21
  0.14690000E-06  0.10434508E+21
  0.14700000E-06  0.10436303E+21
  0.14710000E-06  0.10438054E+21
  0.14720000E-06  0.10439761E+21
  0.14730000E-06  0.10441426E+21
  0.14740000E-06  0.10443050E+21
  0.14750000E-06  0.10444634E+21
  0.14760000E-06  0.10446178E+21
  0.14770000E-06  0.10447685E+21
  0.14780000E-06  0.10449154E+21
  0.14790000E-06  0.10450586E+21
  0.14800000E-06  0.10451983E+21
  0.14810000E-06  0.10453346E+21
  0.14820000E-06  0.10454674E+21
  0.14830000E-06  0.10455970E+21
  0.14840000E-06  0.10457234E+21
  0.14850000E-06  0.10458466E+21
  0.14860000E-06  0.10459668E+21
  0.14870000E-06  0.10460839E+21
  0.14880000E-06  0.10461982E+21
  0.14890000E-06  0.10463096E+21
  0.14900000E-06  0.10464183E+21
  0.14910000E-06  0.10465243E+21
  0.14920000E-06  0.10466276E+21
  0.14930000E-06  0.10467284E+21
  0.14940000E-06  0.10468266E+21
  0.14950000E-06  0.10469224E+21
  0.14960000E-06  0.10470159E+21
  0.14970000E-06  0.10471070E+21
  0.14980000E-06  0.10471958E+21
  0.14990000E-06  0.10472825E+21
  0.15000000E-06  0.10473669E+21
  0.15010000E-06  0.10474493E+21
  0.15020000E-06  0.10475296E+21
  0.15030000E-06  0.10476080E+21
  0.15040000E-06  0.10476843E+21
  0.15050000E-06  0.10477588E+21
  0.15060000E-06  0.10478314E+21
  0.15070000E-06  0.10479022E+21
  0.15080000E-06  0.10479713E+21
  0.15090000E-06  0.10480386E+21
  0.15100000E-06  0.10481042E+21
  0.15110000E-06  0.10481683E+21
  0.15120000E-06  0.10482307E+21
  0.15130000E-06  0.10482915E+21
  0.15140000E-06  0.10483509E+21
  0.15150000E-06  0.10484087E+21
  0.15160000E-06  0.10484651E+21
  0.15170000E-06  0.10485202E+21
  0.15180000E-06  0.10485738E+21
  0.15190000E-06  0.10486261E+21
  0.15200000E-06  0.10486771E+21
  0.15210000E-06  0.10487268E+21
  0.15220000E-06  0.10487753E+21
  0.15230000E-06  0.10488226E+21
  0.15240000E-06  0.10488687E+21
  0.15250000E-06  0.10489136E+21
  0.15260000E-06  0.10489574E+21
  0.15270000E-06  0.10490001E+21
  0.15280000E-06  0.10490418E+21
  0.15290000E-06  0.10490824E+21
  0.15300000E-06  0.10491220E+21
  0.15310000E-06  0.10491606E+21
  0.15320000E-06  0.10491983E+21
  0.15330000E-06  0.10492350E+21
  0.15340000E-06  0.10492708E+21
  0.15350000E-06  0.10493057E+21
  0.15360000E-06  0.10493397E+21
  0.15370000E-06  0.10493729E+21
  0.15380000E-06  0.10494053E+21
  0.15390000E-06  0.10494368E+21
  0.15400000E-06  0.10494676E+21
  0.15410000E-06  0.10494975E+21
  0.15420000E-06  0.10495268E+21
  0.15430000E-06  0.10495553E+21
  0.15440000E-06  0.10495831E+21
  0.15450000E-06  0.10496102E+21
  0.15460000E-06  0.10496366E+21
  0.15470000E-06  0.10496623E+21
  0.15480000E-06  0.10496875E+21
  0.15490000E-06  0.10497120E+21
  0.15500000E-06  0.10497358E+21
  0.15510000E-06  0.10497591E+21
  0.15520000E-06  0.10497818E+21
  0.15530000E-06  0.10498039E+21
  0.15540000E-06  0.10498255E+21
  0.15550000E-06  0.10498465E+21
  0.15560000E-06  0.10498671E+21
  0.15570000E-06  0.10498871E+21
  0.15580000E-06  0.10499066E+21
  0.15590000E-06  0.10499256E+21
  0.15600000E-06  0.10499441E+21
  0.15610000E-06  0.10499622E+21
  0.15620000E-06  0.10499798E+21
  0.15630000E-06  0.10499970E+21
  0.15640000E-06  0.10500137E+21
  0.15650000E-06  0.10500300E+21
  0.15660000E-06  0.10500460E+21
  0.15670000E-06  0.10500615E+21
  0.15680000E-06  0.10500766E+21
  0.15690000E-06  0.10500914E+21
  0.15700000E-06  0.10501058E+21
  0.15710000E-06  0.10501198E+21
  0.15720000E-06  0.10501335E+21
  0.15730000E-06  0.10501468E+21
  0.15740000E-06  0.10501598E+21
  0.15750000E-06  0.10501725E+21
  0.15760000E-06  0.10501848E+21
  0.15770000E-06  0.10501969E+21
  0.15780000E-06  0.10502086E+21
  0.15790000E-06  0.10502201E+21
  0.15800000E-06  0.10502312E+21
  0.15810000E-06  0.10502421E+21
  0.15820000E-06  0.10502527E+21
  0.15830000E-06  0.10502631E+21
  0.15840000E-06  0.10502732E+21
  0.15850000E-06  0.10502830E+21
  0.15860000E-06  0.10502926E+21
  0.15870000E-06  0.10503020E+21
  0.15880000E-06  0.10503111E+21
  0.15890000E-06  0.10503200E+21
  0.15900000E-06  0.10503286E+21
  0.15910000E-06  0.10503371E+21
  0.15920000E-06  0.10503453E+21
  0.15930000E-06  0.10503534E+21
  0.15940000E-06  0.10503612E+21
  0.15950000E-06  0.10503688E+21
  0.15960000E-06  0.10503763E+21
  0.15970000E-06  0.10503835E+21
  0.15980000E-06  0.10503906E+21
  0.15990000E-06  0.10503975E+21
  0.16000000E-06  0.10504042E+21
  0.16010000E-06  0.10504108E+21
  0.16020000E-06  0.10504172E+21
  0.16030000E-06  0.10504234E+21
  0.16040000E-06  0.10504295E+21
  0.16050000E-06  0.10504354E+21
  0.16060000E-06  0.10504412E+21
  0.16070000E-06  0.10504468E+21
  0.16080000E-06  0.10504523E+21
  0.16090000E-06  0.10504577E+21
  0.16100000E-06  0.10504629E+21
  0.16110000E-06  0.10504680E+21
  0.16120000E-06  0.10504729E+21
  0.16130000E-06  0.10504778E+21
  0.16140000E-06  0.10504825E+21
  0.16150000E-06  0.10504871E+21
  0.16160000E-06  0.10504916E+21
  0.16170000E-06  0.10504959E+21
  0.16180000E-06  0.10505002E+21
  0.16190000E-06  0.10505044E+21
  0.16200000E-06  0.10505084E+21
  0.16210000E-06  0.10505124E+21
  0.16220000E-06  0.10505162E+21
  0.16230000E-06  0.10505200E+21
  0.16240000E-06  0.10505236E+21
  0.16250000E-06  0.10505272E+21
  0.16260000E-06  0.10505307E+21
  0.16270000E-06  0.10505341E+21
  0.16280000E-06  0.10505374E+21
  0.16290000E-06  0.10505406E+21
  0.16300000E-06  0.10505437E+21
  0.16310000E-06  0.10505468E+21
  0.16320000E-06  0.10505498E+21
  0.16330000E-06  0.10505527E+21
  0.16340000E-06  0.10505555E+21
  0.16350000E-06  0.10505583E+21
  0.16360000E-06  0.10505610E+21
  0.16370000E-06  0.10505636E+21
  0.16380000E-06  0.10505662E+21
  0.16390000E-06  0.10505687E+21
  0.16400000E-06  0.10505712E+21
  0.16410000E-06  0.10505735E+21
  0.16420000E-06  0.10505759E+21
  0.16430000E-06  0.10505781E+21
  0.16440000E-06  0.10505803E+21
  0.16450000E-06  0.10505825E+21
  0.16460000E-06  0.10505846E+21
  0.16470000E-06  0.10505866E+21
  0.16480000E-06  0.10505886E+21
  0.16490000E-06  0.10505905E+21
  0.16500000E-06  0.10505924E+21
  0.16510000E-06  0.10505943E+21
  0.16520000E-06  0.10505961E+21
  0.16530000E-06  0.10505978E+21
  0.16540000E-06  0.10505995E+21
  0.16550000E-06  0.10506012E+21
  0.16560000E-06  0.10506028E+21
  0.16570000E-06  0.10506044E+21
  0.16580000E-06  0.10506060E+21
  0.16590000E-06  0.10506075E+21
  0.16600000E-06  0.10506089E+21
  0.16610000E-06  0.10506104E+21
  0.16620000E-06  0.10506118E+21
  0.16630000E-06  0.10506131E+21
  0.16640000E-06  0.10506145E+21
  0.16650000E-06  0.10506157E+21
  0.16660000E-06  0.10506170E+21
  0.16670000E-06  0.10506182E+21
  0.16680000E-06  0.10506194E+21
  0.16690000E-06  0.10506206E+21
  0.16700000E-06  0.10506217E+21
  0.16710000E-06  0.10506229E+21
  0.16720000E-06  0.10506239E+21
  0.16730000E-06  0.10506250E+21
  0.16740000E-06  0.10506260E+21
  0.16750000E-06  0.10506270E+21
  0.16760000E-06  0.10506280E+21
  0.16770000E-06  0.10506290E+21
  0.16780000E-06  0.10506299E+21
  0.16790000E-06  0.10506308E+21
  0.16800000E-06  0.10506317E+21
  0.16810000E-06  0.10506326E+21
  0.16820000E-06  0.10506334E+21
  0.16830000E-06  0.10506342E+21
  0.16840000E-06  0.10506350E+21
  0.16850000E-06  0.10506358E+21
  0.16860000E-06  0.10506366E+21
  0.16870000E-06  0.10506373E+21
  0.16880000E-06  0.10506380E+21
  0.16890000E-06  0.10506387E+21
  0.16900000E-06  0.10506394E+21
  0.16910000E-06  0.10506401E+21
  0.16920000E-06  0.10506407E+21
  0.16930000E-06  0.10506414E+21
  0.16940000E-06  0.10506420E+21
  0.16950000E-06  0.10506426E+21
  0.16960000E-06  0.10506432E+21
  0.16970000E-06  0.10506438E+21
  0.16980000E-06  0.10506443E+21
  0.16990000E-06  0.10506449E+21
  0.17000000E-06  0.10506454E+21
  0.17010000E-06  0.10506459E+21
  0.17020000E-06  0.10506464E+21
  0.17030000E-06  0.10506469E+21
  0.17040000E-06  0.10506474E+21
  0.17050000E-06  0.10506479E+21
  0.17060000E-06  0.10506483E+21
  0.17070000E-06  0.10506488E+21
  0.17080000E-06  0.10506492E+21
  0.17090000E-06  0.10506496E+21
  0.17100000E-06  0.10506500E+21
  0.17110000E-06  0.10506504E+21
  0.17120000E-06  0.10506508E+21
  0.17130000E-06  0.10506512E+21
  0.17140000E-06  0.10506516E+21
  0.17150000E-06  0.10506520E+21
  0.17160000E-06  0.10506523E+21
  0.17170000E-06  0.10506527E+21
  0.17180000E-06  0.10506530E+21
  0.17190000E-06  0.10506533E+21
  0.17200000E-06  0.10506536E+21
  0.17210000E-06  0.10506540E+21
  0.17220000E-06  0.10506543E+21
  0.17230000E-06  0.10506546E+21
  0.17240000E-06  0.10506548E+21
  0.17250000E-06  0.10506551E+21
  0.17260000E-06  0.10506554E+21
  0.17270000E-06  0.10506557E+21
  0.17280000E-06  0.10506559E+21
  0.17290000E-06  0.10506562E+21
  0.17300000E-06  0.10506564E+21
  0.17310000E-06  0.10506567E+21
  0.17320000E-06  0.10506569E+21
  0.17330000E-06  0.10506571E+21
  0.17340000E-06  0.10506574E+21
  0.17350000E-06  0.10506576E+21
  0.17360000E-06  0.10506578E+21
  0.17370000E-06  0.10506580E+21
  0.17380000E-06  0.10506582E+21
  0.17390000E-06  0.10506584E+21
  0.17400000E-06  0.10506586E+21
  0.17410000E-06  0.10506588E+21
  0.17420000E-06  0.10506590E+21
  0.17430000E-06  0.10506592E+21
  0.17440000E-06  0.10506593E+21
  0.17450000E-06  0.10506595E+21
  0.17460000E-06  0.10506597E+21
  0.17470000E-06  0.10506598E+21
  0.17480000E-06  0.10506600E+21
  0.17490000E-06  0.10506601E+21
  0.17500000E-06  0.10506603E+21
  0.17510000E-06  0.10506604E+21
  0.17520000E-06  0.10506606E+21
  0.17530000E-06  0.10506607E+21
  0.17540000E-06  0.10506609E+21
  0.17550000E-06  0.10506610E+21
  0.17560000E-06  0.10506611E+21
  0.17570000E-06  0.10506612E+21
  0.17580000E-06  0.10506614E+21
  0.17590000E-06  0.10506615E+21
  0.17600000E-06  0.10506616E+21
  0.17610000E-06  0.10506617E+21
  0.17620000E-06  0.10506618E+21
  0.17630000E-06  0.10506619E+21
  0.17640000E-06  0.10506620E+21
  0.17650000E-06  0.10506621E+21
  0.17660000E-06  0.10506622E+21
  0.17670000E-06  0.10506623E+21
  0.17680000E-06  0.10506624E+21
  0.17690000E-06  0.10506625E+21
  0.17700000E-06  0.10506626E+21
  0.17710000E-06  0.10506627E+21
  0.17720000E-06  0.10506628E+21
  0.17730000E-06  0.10506629E+21
  0.17740000E-06  0.10506630E+21
  0.17750000E-06  0.10506630E+21
  0.17760000E-06  0.10506631E+21
  0.17770000E-06  0.10506632E+21
  0.17780000E-06  0.10506633E+21
  0.17790000E-06  0.10506633E+21
  0.17800000E-06  0.10506634E+21
  0.17810000E-06  0.10506635E+21
  0.17820000E-06  0.10506635E+21
  0.17830000E-06  0.10506636E+21
  0.17840000E-06  0.10506637E+21
  0.17850000E-06  0.10506637E+21
  0.17860000E-06  0.10506638E+21
  0.17870000E-06  0.10506638E+21
  0.17880000E-06  0.10506639E+21
  0.17890000E-06  0.10506640E+21
  0.17900000E-06  0.10506640E+21
  0.17910000E-06  0.10506641E+21
  0.17920000E-06  0.10506641E+21
  0.17930000E-06  0.10506642E+21
  0.17940000E-06  0.10506642E+21
  0.17950000E-06  0.10506643E+21
  0.17960000E-06  0.10506643E+21
  0.17970000E-06  0.10506644E+21
  0.17980000E-06  0.10506644E+21
  0.17990000E-06  0.10506644E+21
  0.18000000E-06  0.10506645E+21
  0.18010000E-06  0.10506645E+21
  0.18020000E-06  0.10506646E+21
  0.18030000E-06  0.10506646E+21
  0.18040000E-06  0.10506646E+21
  0.18050000E-06  0.10506647E+21
  0.18060000E-06  0.10506647E+21
  0.18070000E-06  0.10506648E+21
  0.18080000E-06  0.10506648E+21
  0.18090000E-06  0.10506648E+21
  0.18100000E-06  0.10506649E+21
  0.18110000E-06  0.10506649E+21
  0.18120000E-06  0.10506649E+21
  0.18130000E-06  0.10506649E+21
  0.18140000E-06  0.10506650E+21
  0.18150000E-06  0.10506650E+21
  0.18160000E-06  0.10506650E+21
  0.18170000E-06  0.10506651E+21
  0.18180000E-06  0.10506651E+21
  0.18190000E-06  0.10506651E+21
  0.18200000E-06  0.10506651E+21
  0.18210000E-06  0.10506652E+21
  0.18220000E-06  0.10506652E+21
  0.18230000E-06  0.10506652E+21
  0.18240000E-06  0.10506652E+21
  0.18250000E-06  0.10506653E+21
  0.18260000E-06  0.10506653E+21
  0.18270000E-06  0.10506653E+21
  0.18280000E-06  0.10506653E+21
  0.18290000E-06  0.10506653E+21
  0.18300000E-06  0.10506654E+21
  0.18310000E-06  0.10506654E+21
  0.18320000E-06  0.10506654E+21
  0.18330000E-06  0.10506654E+21
  0.18340000E-06  0.10506654E+21
  0.18350000E-06  0.10506654E+21
  0.18360000E-06  0.10506655E+21
  0.18370000E-06  0.10506655E+21
  0.18380000E-06  0.10506655E+21
  0.18390000E-06  0.10506655E+21
  0.18400000E-06  0.10506655E+21
  0.18410000E-06  0.10506655E+21
  0.18420000E-06  0.10506656E+21
  0.18430000E-06  0.10506656E+21
  0.18440000E-06  0.10506656E+21
  0.18450000E-06  0.10506656E+21
  0.18460000E-06  0.10506656E+21
  0.18470000E-06  0.10506656E+21
  0.18480000E-06  0.10506656E+21
  0.18490000E-06  0.10506657E+21
  0.18500000E-06  0.10506657E+21
  0.18510000E-06  0.10506657E+21
  0.18520000E-06  0.10506657E+21
  0.18530000E-06  0.10506657E+21
  0.18540000E-06  0.10506657E+21
  0.18550000E-06  0.10506657E+21
  0.18560000E-06  0.10506657E+21
  0.18570000E-06  0.10506657E+21
  0.18580000E-06  0.10506657E+21
  0.18590000E-06  0.10506658E+21
  0.18600000E-06  0.10506658E+21
  0.18610000E-06  0.10506658E+21
  0.18620000E-06  0.10506658E+21
  0.18630000E-06  0.10506658E+21
  0.18640000E-06  0.10506658E+21
  0.18650000E-06  0.10506658E+21
  0.18660000E-06  0.10506658E+21
  0.18670000E-06  0.10506658E+21
  0.18680000E-06  0.10506658E+21
  0.18690000E-06  0.10506658E+21
  0.18700000E-06  0.10506658E+21
  0.18710000E-06  0.10506659E+21
  0.18720000E-06  0.10506659E+21
  0.18730000E-06  0.10506659E+21
  0.18740000E-06  0.10506659E+21
  0.18750000E-06  0.10506659E+21
  0.18760000E-06  0.10506659E+21
  0.18770000E-06  0.10506659E+21
  0.18780000E-06  0.10506659E+21
  0.18790000E-06  0.10506659E+21
  0.18800000E-06  0.10506659E+21
  0.18810000E-06  0.10506659E+21
  0.18820000E-06  0.10506659E+21
  0.18830000E-06  0.10506659E+21
  0.18840000E-06  0.10506659E+21
  0.18850000E-06  0.10506659E+21
  0.18860000E-06  0.10506659E+21
  0.18870000E-06  0.10506659E+21
  0.18880000E-06  0.10506659E+21
  0.18890000E-06  0.10506660E+21
  0.18900000E-06  0.10506660E+21
  0.18910000E-06  0.10506660E+21
  0.18920000E-06  0.10506660E+21
  0.18930000E-06  0.10506660E+21
  0.18940000E-06  0.10506660E+21
  0.18950000E-06  0.10506660E+21
  0.18960000E-06  0.10506660E+21
  0.18970000E-06  0.10506660E+21
  0.18980000E-06  0.10506660E+21
  0.18990000E-06  0.10506660E+21
  0.19000000E-06  0.10506660E+21
  0.19010000E-06  0.10506660E+21
  0.19020000E-06  0.10506660E+21
  0.19030000E-06  0.10506660E+21
  0.19040000E-06  0.10506660E+21
  0.19050000E-06  0.10506660E+21
  0.19060000E-06  0.10506660E+21
  0.19070000E-06  0.10506660E+21
  0.19080000E-06  0.10506660E+21
  0.19090000E-06  0.10506660E+21
  0.19100000E-06  0.10506660E+21
  0.19110000E-06  0.10506660E+21
  0.19120000E-06  0.10506660E+21
  0.19130000E-06  0.10506660E+21
  0.19140000E-06  0.10506660E+21
  0.19150000E-06  0.10506660E+21
  0.19160000E-06  0.10506660E+21
  0.19170000E-06  0.10506660E+21
  0.19180000E-06  0.10506660E+21
  0.19190000E-06  0.10506660E+21
  0.19200000E-06  0.10506660E+21
  0.19210000E-06  0.10506660E+21
  0.19220000E-06  0.10506661E+21
  0.19230000E-06  0.10506661E+21
  0.19240000E-06  0.10506661E+21
  0.19250000E-06  0.10506661E+21
  0.19260000E-06  0.10506661E+21
  0.19270000E-06  0.10506661E+21
  0.19280000E-06  0.10506661E+21
  0.19290000E-06  0.10506661E+21
  0.19300000E-06  0.10506661E+21
  0.19310000E-06  0.10506661E+21
  0.19320000E-06  0.10506661E+21
  0.19330000E-06  0.10506661E+21
  0.19340000E-06  0.10506661E+21
  0.19350000E-06  0.10506661E+21
  0.19360000E-06  0.10506661E+21
  0.19370000E-06  0.10506661E+21
  0.19380000E-06  0.10506661E+21
  0.19390000E-06  0.10506661E+21
  0.19400000E-06  0.10506661E+21
  0.19410000E-06  0.10506661E+21
  0.19420000E-06  0.10506661E+21
  0.19430000E-06  0.10506661E+21
  0.19440000E-06  0.10506661E+21
  0.19450000E-06  0.10506661E+21
  0.19460000E-06  0.10506661E+21
  0.19470000E-06  0.10506661E+21
  0.19480000E-06  0.10506661E+21
  0.19490000E-06  0.10506661E+21
  0.19500000E-06  0.10506661E+21
  0.19510000E-06  0.10506661E+21
  0.19520000E-06  0.10506661E+21
  0.19530000E-06  0.10506661E+21
  0.19540000E-06  0.10506661E+21
  0.19550000E-06  0.10506661E+21
  0.19560000E-06  0.10506661E+21
  0.19570000E-06  0.10506661E+21
  0.19580000E-06  0.10506661E+21
  0.19590000E-06  0.10506661E+21
  0.19600000E-06  0.10506661E+21
  0.19610000E-06  0.10506661E+21
  0.19620000E-06  0.10506661E+21
  0.19630000E-06  0.10506661E+21
  0.19640000E-06  0.10506661E+21
  0.19650000E-06  0.10506661E+21
  0.19660000E-06  0.10506661E+21
  0.19670000E-06  0.10506661E+21
  0.19680000E-06  0.10506661E+21
  0.19690000E-06  0.10506661E+21
  0.19700000E-06  0.10506661E+21
  0.19710000E-06  0.10506661E+21
  0.19720000E-06  0.10506661E+21
  0.19730000E-06  0.10506661E+21
  0.19740000E-06  0.10506661E+21
  0.19750000E-06  0.10506661E+21
  0.19760000E-06  0.10506661E+21
  0.19770000E-06  0.10506661E+21
  0.19780000E-06  0.10506661E+21
  0.19790000E-06  0.10506661E+21
  0.19800000E-06  0.10506661E+21
  0.19810000E-06  0.10506661E+21
  0.19820000E-06  0.10506661E+21
  0.19830000E-06  0.10506661E+21
  0.19840000E-06  0.10506661E+21
  0.19850000E-06  0.10506661E+21
  0.19860000E-06  0.10506661E+21
  0.19870000E-06  0.10506661E+21
  0.19880000E-06  0.10506661E+21
  0.19890000E-06  0.10506661E+21
  0.19900000E-06  0.10506661E+21
  0.19910000E-06  0.10506661E+21
  0.19920000E-06  0.10506661E+21
  0.19930000E-06  0.10506661E+21
  0.19940000E-06  0.10506661E+21
  0.19950000E-06  0.10506661E+21
  0.19960000E-06  0.10506661E+21
  0.19970000E-06  0.10506661E+21
  0.19980000E-06  0.10506661E+21
  0.19990000E-06  0.10506661E+21
  0.20000000E-06  0.10506661E+21
  0.20010000E-06  0.10506661E+21
  0.20020000E-06  0.10506661E+21
  0.20030000E-06  0.10506661E+21
  0.20040000E-06  0.10506661E+21
  0.20050000E-06  0.10506661E+21
  0.20060000E-06  0.10506661E+21
  0.20070000E-06  0.10506661E+21
  0.20080000E-06  0.10506661E+21
  0.20090000E-06  0.10506661E+21
  0.20100000E-06  0.10506661E+21
  0.20110000E-06  0.10506661E+21
  0.20120000E-06  0.10506661E+21
  0.20130000E-06  0.10506661E+21
  0.20140000E-06  0.10506661E+21
  0.20150000E-06  0.10506661E+21
  0.20160000E-06  0.10506661E+21
  0.20170000E-06  0.10506661E+21
  0.20180000E-06  0.10506661E+21
  0.20190000E-06  0.10506661E+21
  0.20200000E-06  0.10506661E+21
  0.20210000E-06  0.10506661E+21
  0.20220000E-06  0.10506661E+21
  0.20230000E-06  0.10506661E+21
  0.20240000E-06  0.10506661E+21
  0.20250000E-06  0.10506661E+21
  0.20260000E-06  0.10506661E+21
  0.20270000E-06  0.10506661E+21
  0.20280000E-06  0.10506661E+21
  0.20290000E-06  0.10506661E+21
  0.20300000E-06  0.10506661E+21
  0.20310000E-06  0.10506661E+21
  0.20320000E-06  0.10506661E+21
  0.20330000E-06  0.10506661E+21
  0.20340000E-06  0.10506661E+21
  0.20350000E-06  0.10506661E+21
  0.20360000E-06  0.10506661E+21
  0.20370000E-06  0.10506661E+21
  0.20380000E-06  0.10506661E+21
  0.20390000E-06  0.10506661E+21
  0.20400000E-06  0.10506661E+21
  0.20410000E-06  0.10506661E+21
  0.20420000E-06  0.10506661E+21
  0.20430000E-06  0.10506661E+21
  0.20440000E-06  0.10506661E+21
  0.20450000E-06  0.10506661E+21
  0.20460000E-06  0.10506661E+21
  0.20470000E-06  0.10506661E+21
  0.20480000E-06  0.10506661E+21
  0.20490000E-06  0.10506661E+21
  0.20500000E-06  0.10506661E+21
  0.20510000E-06  0.10506661E+21
  0.20520000E-06  0.10506661E+21
  0.20530000E-06  0.10506661E+21
  0.20540000E-06  0.10506661E+21
  0.20550000E-06  0.10506661E+21
  0.20560000E-06  0.10506661E+21
  0.20570000E-06  0.10506661E+21
  0.20580000E-06  0.10506661E+21
  0.20590000E-06  0.10506661E+21
  0.20600000E-06  0.10506661E+21
  0.20610000E-06  0.10506661E+21
  0.20620000E-06  0.10506661E+21
  0.20630000E-06  0.10506661E+21
  0.20640000E-06  0.10506661E+21
  0.20650000E-06  0.10506661E+21
  0.20660000E-06  0.10506661E+21
  0.20670000E-06  0.10506661E+21
  0.20680000E-06  0.10506661E+21
  0.20690000E-06  0.10506661E+21
  0.20700000E-06  0.10506661E+21
  0.20710000E-06  0.10506661E+21
  0.20720000E-06  0.10506661E+21
  0.20730000E-06  0.10506661E+21
  0.20740000E-06  0.10506661E+21
  0.20750000E-06  0.10506661E+21
  0.20760000E-06  0.10506661E+21
  0.20770000E-06  0.10506661E+21
  0.20780000E-06  0.10506661E+21
  0.20790000E-06  0.10506661E+21
  0.20800000E-06  0.10506661E+21
  0.20810000E-06  0.10506661E+21
  0.20820000E-06  0.10506661E+21
  0.20830000E-06  0.10506661E+21
  0.20840000E-06  0.10506661E+21
  0.20850000E-06  0.10506661E+21
  0.20860000E-06  0.10506661E+21
  0.20870000E-06  0.10506661E+21
  0.20880000E-06  0.10506661E+21
  0.20890000E-06  0.10506661E+21
  0.20900000E-06  0.10506661E+21
  0.20910000E-06  0.10506661E+21
  0.20920000E-06  0.10506661E+21
  0.20930000E-06  0.10506661E+21
  0.20940000E-06  0.10506661E+21
  0.20950000E-06  0.10506661E+21
  0.20960000E-06  0.10506661E+21
  0.20970000E-06  0.10506661E+21
  0.20980000E-06  0.10506661E+21
  0.20990000E-06  0.10506661E+21
  0.21000000E-06  0.10506661E+21
  0.21010000E-06  0.10506661E+21
  0.21020000E-06  0.10506661E+21
  0.21030000E-06  0.10506661E+21
  0.21040000E-06  0.10506661E+21
  0.21050000E-06  0.10506661E+21
  0.21060000E-06  0.10506661E+21
  0.21070000E-06  0.10506661E+21
  0.21080000E-06  0.10506661E+21
  0.21090000E-06  0.10506661E+21
  0.21100000E-06  0.10506661E+21
  0.21110000E-06  0.10506661E+21
  0.21120000E-06  0.10506661E+21
  0.21130000E-06  0.10506661E+21
  0.21140000E-06  0.10506661E+21
  0.21150000E-06  0.10506661E+21
  0.21160000E-06  0.10506661E+21
  0.21170000E-06  0.10506661E+21
  0.21180000E-06  0.10506661E+21
  0.21190000E-06  0.10506661E+21
  0.21200000E-06  0.10506661E+21
  0.21210000E-06  0.10506661E+21
  0.21220000E-06  0.10506661E+21
  0.21230000E-06  0.10506661E+21
  0.21240000E-06  0.10506661E+21
  0.21250000E-06  0.10506661E+21
  0.21260000E-06  0.10506661E+21
  0.21270000E-06  0.10506661E+21
  0.21280000E-06  0.10506661E+21
  0.21290000E-06  0.10506661E+21
  0.21300000E-06  0.10506661E+21
  0.21310000E-06  0.10506661E+21
  0.21320000E-06  0.10506661E+21
  0.21330000E-06  0.10506661E+21
  0.21340000E-06  0.10506661E+21
  0.21350000E-06  0.10506661E+21
  0.21360000E-06  0.10506661E+21
  0.21370000E-06  0.10506661E+21
  0.21380000E-06  0.10506661E+21
  0.21390000E-06  0.10506661E+21
  0.21400000E-06  0.10506661E+21
  0.21410000E-06  0.10506661E+21
  0.21420000E-06  0.10506661E+21
  0.21430000E-06  0.10506661E+21
  0.21440000E-06  0.10506661E+21
  0.21450000E-06  0.10506661E+21
  0.21460000E-06  0.10506661E+21
  0.21470000E-06  0.10506661E+21
  0.21480000E-06  0.10506661E+21
  0.21490000E-06  0.10506661E+21
  0.21500000E-06  0.10506661E+21
  0.21510000E-06  0.10506661E+21
  0.21520000E-06  0.10506661E+21
  0.21530000E-06  0.10506661E+21
  0.21540000E-06  0.10506661E+21
  0.21550000E-06  0.10506661E+21
  0.21560000E-06  0.10506661E+21
  0.21570000E-06  0.10506661E+21
  0.21580000E-06  0.10506661E+21
  0.21590000E-06  0.10506661E+21
  0.21600000E-06  0.10506661E+21
  0.21610000E-06  0.10506661E+21
  0.21620000E-06  0.10506661E+21
  0.21630000E-06  0.10506661E+21
  0.21640000E-06  0.10506661E+21
  0.21650000E-06  0.10506661E+21
  0.21660000E-06  0.10506661E+21
  0.21670000E-06  0.10506661E+21
  0.21680000E-06  0.10506661E+21
  0.21690000E-06  0.10506661E+21
  0.21700000E-06  0.10506661E+21
  0.21710000E-06  0.10506661E+21
  0.21720000E-06  0.10506661E+21
  0.21730000E-06  0.10506661E+21
  0.21740000E-06  0.10506661E+21
  0.21750000E-06  0.10506661E+21
  0.21760000E-06  0.10506661E+21
  0.21770000E-06  0.10506661E+21
  0.21780000E-06  0.10506661E+21
  0.21790000E-06  0.10506661E+21
  0.21800000E-06  0.10506661E+21
  0.21810000E-06  0.10506661E+21
  0.21820000E-06  0.10506661E+21
  0.21830000E-06  0.10506661E+21
  0.21840000E-06  0.10506661E+21
  0.21850000E-06  0.10506661E+21
  0.21860000E-06  0.10506661E+21
  0.21870000E-06  0.10506661E+21
  0.21880000E-06  0.10506661E+21
  0.21890000E-06  0.10506661E+21
  0.21900000E-06  0.10506661E+21
  0.21910000E-06  0.10506661E+21
  0.21920000E-06  0.10506661E+21
  0.21930000E-06  0.10506661E+21
  0.21940000E-06  0.10506661E+21
  0.21950000E-06  0.10506661E+21
  0.21960000E-06  0.10506661E+21
  0.21970000E-06  0.10506661E+21
  0.21980000E-06  0.10506661E+21
  0.21990000E-06  0.10506661E+21
  0.22000000E-06  0.10506661E+21
  0.22010000E-06  0.10506661E+21
  0.22020000E-06  0.10506661E+21
  0.22030000E-06  0.10506661E+21
  0.22040000E-06  0.10506661E+21
  0.22050000E-06  0.10506661E+21
  0.22060000E-06  0.10506661E+21
  0.22070000E-06  0.10506661E+21
  0.22080000E-06  0.10506661E+21
  0.22090000E-06  0.10506661E+21
  0.22100000E-06  0.10506661E+21
  0.22110000E-06  0.10506661E+21
  0.22120000E-06  0.10506661E+21
  0.22130000E-06  0.10506661E+21
  0.22140000E-06  0.10506661E+21
  0.22150000E-06  0.10506661E+21
  0.22160000E-06  0.10506661E+21
  0.22170000E-06  0.10506661E+21
  0.22180000E-06  0.10506661E+21
  0.22190000E-06  0.10506661E+21
  0.22200000E-06  0.10506661E+21
  0.22210000E-06  0.10506661E+21
  0.22220000E-06  0.10506661E+21
  0.22230000E-06  0.10506661E+21
  0.22240000E-06  0.10506661E+21
  0.22250000E-06  0.10506661E+21
  0.22260000E-06  0.10506661E+21
  0.22270000E-06  0.10506661E+21
  0.22280000E-06  0.10506661E+21
  0.22290000E-06  0.10506661E+21
  0.22300000E-06  0.10506661E+21
  0.22310000E-06  0.10506661E+21
  0.22320000E-06  0.10506661E+21
  0.22330000E-06  0.10506661E+21
  0.22340000E-06  0.10506661E+21
  0.22350000E-06  0.10506661E+21
  0.22360000E-06  0.10506661E+21
  0.22370000E-06  0.10506661E+21
  0.22380000E-06  0.10506661E+21
  0.22390000E-06  0.10506661E+21
  0.22400000E-06  0.10506661E+21
  0.22410000E-06  0.10506661E+21
  0.22420000E-06  0.10506661E+21
  0.22430000E-06  0.10506661E+21
  0.22440000E-06  0.10506661E+21
  0.22450000E-06  0.10506661E+21
  0.22460000E-06  0.10506661E+21
  0.22470000E-06  0.10506661E+21
  0.22480000E-06  0.10506661E+21
  0.22490000E-06  0.10506661E+21
  0.22500000E-06  0.10506661E+21
  0.22510000E-06  0.10506661E+21
  0.22520000E-06  0.10506661E+21
  0.22530000E-06  0.10506661E+21
  0.22540000E-06  0.10506661E+21
  0.22550000E-06  0.10506661E+21
  0.22560000E-06  0.10506661E+21
  0.22570000E-06  0.10506661E+21
  0.22580000E-06  0.10506661E+21
  0.22590000E-06  0.10506661E+21
  0.22600000E-06  0.10506661E+21
  0.22610000E-06  0.10506661E+21
  0.22620000E-06  0.10506661E+21
  0.22630000E-06  0.10506661E+21
  0.22640000E-06  0.10506661E+21
  0.22650000E-06  0.10506661E+21
  0.22660000E-06  0.10506661E+21
  0.22670000E-06  0.10506661E+21
  0.22680000E-06  0.10506661E+21
  0.22690000E-06  0.10506661E+21
  0.22700000E-06  0.10506661E+21
  0.22710000E-06  0.10506661E+21
  0.22720000E-06  0.10506661E+21
  0.22730000E-06  0.10506661E+21
  0.22740000E-06  0.10506661E+21
  0.22750000E-06  0.10506661E+21
  0.22760000E-06  0.10506661E+21
  0.22770000E-06  0.10506661E+21
  0.22780000E-06  0.10506661E+21
  0.22790000E-06  0.10506661E+21
  0.22800000E-06  0.10506661E+21
  0.22810000E-06  0.10506661E+21
  0.22820000E-06  0.10506661E+21
  0.22830000E-06  0.10506661E+21
  0.22840000E-06  0.10506661E+21
  0.22850000E-06  0.10506661E+21
  0.22860000E-06  0.10506661E+21
  0.22870000E-06  0.10506661E+21
  0.22880000E-06  0.10506661E+21
  0.22890000E-06  0.10506661E+21
  0.22900000E-06  0.10506661E+21
  0.22910000E-06  0.10506661E+21
  0.22920000E-06  0.10506661E+21
  0.22930000E-06  0.10506661E+21
  0.22940000E-06  0.10506661E+21
  0.22950000E-06  0.10506661E+21
  0.22960000E-06  0.10506661E+21
  0.22970000E-06  0.10506661E+21
  0.22980000E-06  0.10506661E+21
  0.22990000E-06  0.10506661E+21
  0.23000000E-06  0.10506661E+21
  0.23010000E-06  0.10506661E+21
  0.23020000E-06  0.10506661E+21
  0.23030000E-06  0.10506661E+21
  0.23040000E-06  0.10506661E+21
  0.23050000E-06  0.10506661E+21
  0.23060000E-06  0.10506661E+21
  0.23070000E-06  0.10506661E+21
  0.23080000E-06  0.10506661E+21
  0.23090000E-06  0.10506661E+21
  0.23100000E-06  0.10506661E+21
  0.23110000E-06  0.10506661E+21
  0.23120000E-06  0.10506661E+21
  0.23130000E-06  0.10506661E+21
  0.23140000E-06  0.10506661E+21
  0.23150000E-06  0.10506661E+21
  0.23160000E-06  0.10506661E+21
  0.23170000E-06  0.10506661E+21
  0.23180000E-06  0.10506661E+21
  0.23190000E-06  0.10506661E+21
  0.23200000E-06  0.10506661E+21
  0.23210000E-06  0.10506661E+21
  0.23220000E-06  0.10506661E+21
  0.23230000E-06  0.10506661E+21
  0.23240000E-06  0.10506661E+21
  0.23250000E-06  0.10506661E+21
  0.23260000E-06  0.10506661E+21
  0.23270000E-06  0.10506661E+21
  0.23280000E-06  0.10506661E+21
  0.23290000E-06  0.10506661E+21
  0.23300000E-06  0.10506661E+21
  0.23310000E-06  0.10506661E+21
  0.23320000E-06  0.10506661E+21
  0.23330000E-06  0.10506661E+21
  0.23340000E-06  0.10506661E+21
  0.23350000E-06  0.10506661E+21
  0.23360000E-06  0.10506661E+21
  0.23370000E-06  0.10506661E+21
  0.23380000E-06  0.10506661E+21
  0.23390000E-06  0.10506661E+21
  0.23400000E-06  0.10506661E+21
  0.23410000E-06  0.10506661E+21
  0.23420000E-06  0.10506661E+21
  0.23430000E-06  0.10506661E+21
  0.23440000E-06  0.10506661E+21
  0.23450000E-06  0.10506661E+21
  0.23460000E-06  0.10506661E+21
  0.23470000E-06  0.10506661E+21
  0.23480000E-06  0.10506661E+21
  0.23490000E-06  0.10506661E+21
  0.23500000E-06  0.10506661E+21
  0.23510000E-06  0.10506661E+21
  0.23520000E-06  0.10506661E+21
  0.23530000E-06  0.10506661E+21
  0.23540000E-06  0.10506661E+21
  0.23550000E-06  0.10506661E+21
  0.23560000E-06  0.10506661E+21
  0.23570000E-06  0.10506661E+21
  0.23580000E-06  0.10506661E+21
  0.23590000E-06  0.10506661E+21
  0.23600000E-06  0.10506661E+21
  0.23610000E-06  0.10506661E+21
  0.23620000E-06  0.10506661E+21
  0.23630000E-06  0.10506661E+21
  0.23640000E-06  0.10506661E+21
  0.23650000E-06  0.10506661E+21
  0.23660000E-06  0.10506661E+21
  0.23670000E-06  0.10506661E+21
  0.23680000E-06  0.10506661E+21
  0.23690000E-06  0.10506661E+21
  0.23700000E-06  0.10506661E+21
  0.23710000E-06  0.10506661E+21
  0.23720000E-06  0.10506661E+21
  0.23730000E-06  0.10506661E+21
  0.23740000E-06  0.10506661E+21
  0.23750000E-06  0.10506661E+21
  0.23760000E-06  0.10506661E+21
  0.23770000E-06  0.10506661E+21
  0.23780000E-06  0.10506661E+21
  0.23790000E-06  0.10506661E+21
  0.23800000E-06  0.10506661E+21
  0.23810000E-06  0.10506661E+21
  0.23820000E-06  0.10506661E+21
  0.23830000E-06  0.10506661E+21
  0.23840000E-06  0.10506661E+21
  0.23850000E-06  0.10506661E+21
  0.23860000E-06  0.10506661E+21
  0.23870000E-06  0.10506661E+21
  0.23880000E-06  0.10506661E+21
  0.23890000E-06  0.10506661E+21
  0.23900000E-06  0.10506661E+21
  0.23910000E-06  0.10506661E+21
  0.23920000E-06  0.10506661E+21
  0.23930000E-06  0.10506661E+21
  0.23940000E-06  0.10506661E+21
  0.23950000E-06  0.10506661E+21
  0.23960000E-06  0.10506661E+21
  0.23970000E-06  0.10506661E+21
  0.23980000E-06  0.10506661E+21
  0.23990000E-06  0.10506661E+21
  0.24000000E-06  0.10506661E+21
  0.24010000E-06  0.10506661E+21
  0.24020000E-06  0.10506661E+21
  0.24030000E-06  0.10506661E+21
  0.24040000E-06  0.10506661E+21
  0.24050000E-06  0.10506661E+21
  0.24060000E-06  0.10506661E+21
  0.24070000E-06  0.10506661E+21
  0.24080000E-06  0.10506661E+21
  0.24090000E-06  0.10506661E+21
  0.24100000E-06  0.10506661E+21
  0.24110000E-06  0.10506661E+21
  0.24120000E-06  0.10506661E+21
  0.24130000E-06  0.10506661E+21
  0.24140000E-06  0.10506661E+21
  0.24150000E-06  0.10506661E+21
  0.24160000E-06  0.10506661E+21
  0.24170000E-06  0.10506661E+21
  0.24180000E-06  0.10506661E+21
  0.24190000E-06  0.10506661E+21
  0.24200000E-06  0.10506661E+21
  0.24210000E-06  0.10506661E+21
  0.24220000E-06  0.10506661E+21
  0.24230000E-06  0.10506661E+21
  0.24240000E-06  0.10506661E+21
  0.24250000E-06  0.10506661E+21
  0.24260000E-06  0.10506661E+21
  0.24270000E-06  0.10506661E+21
  0.24280000E-06  0.10506661E+21
  0.24290000E-06  0.10506661E+21
  0.24300000E-06  0.10506661E+21
  0.24310000E-06  0.10506661E+21
  0.24320000E-06  0.10506661E+21
  0.24330000E-06  0.10506661E+21
  0.24340000E-06  0.10506661E+21
  0.24350000E-06  0.10506661E+21
  0.24360000E-06  0.10506661E+21
  0.24370000E-06  0.10506661E+21
  0.24380000E-06  0.10506661E+21
  0.24390000E-06  0.10506661E+21
  0.24400000E-06  0.10506661E+21
  0.24410000E-06  0.10506661E+21
  0.24420000E-06  0.10506661E+21
  0.24430000E-06  0.10506661E+21
  0.24440000E-06  0.10506661E+21
  0.24450000E-06  0.10506661E+21
  0.24460000E-06  0.10506661E+21
  0.24470000E-06  0.10506661E+21
  0.24480000E-06  0.10506661E+21
  0.24490000E-06  0.10506661E+21
  0.24500000E-06  0.10506661E+21
  0.24510000E-06  0.10506661E+21
  0.24520000E-06  0.10506661E+21
  0.24530000E-06  0.10506661E+21
  0.24540000E-06  0.10506661E+21
  0.24550000E-06  0.10506661E+21
  0.24560000E-06  0.10506661E+21
  0.24570000E-06  0.10506661E+21
  0.24580000E-06  0.10506661E+21
  0.24590000E-06  0.10506661E+21
  0.24600000E-06  0.10506661E+21
  0.24610000E-06  0.10506661E+21
  0.24620000E-06  0.10506661E+21
  0.24630000E-06  0.10506661E+21
  0.24640000E-06  0.10506661E+21
  0.24650000E-06  0.10506661E+21
  0.24660000E-06  0.10506661E+21
  0.24670000E-06  0.10506661E+21
  0.24680000E-06  0.10506661E+21
  0.24690000E-06  0.10506661E+21
  0.24700000E-06  0.10506661E+21
  0.24710000E-06  0.10506661E+21
  0.24720000E-06  0.10506661E+21
  0.24730000E-06  0.10506661E+21
  0.24740000E-06  0.10506661E+21
  0.24750000E-06  0.10506661E+21
  0.24760000E-06  0.10506661E+21
  0.24770000E-06  0.10506661E+21
  0.24780000E-06  0.10506661E+21
  0.24790000E-06  0.10506661E+21
  0.24800000E-06  0.10506661E+21
  0.24810000E-06  0.10506661E+21
  0.24820000E-06  0.10506661E+21
  0.24830000E-06  0.10506661E+21
  0.24840000E-06  0.10506661E+21
  0.24850000E-06  0.10506661E+21
  0.24860000E-06  0.10506661E+21
  0.24870000E-06  0.10506661E+21
  0.24880000E-06  0.10506661E+21
  0.24890000E-06  0.10506661E+21
  0.24900000E-06  0.10506661E+21
  0.24910000E-06  0.10506661E+21
  0.24920000E-06  0.10506661E+21
  0.24930000E-06  0.10506661E+21
  0.24940000E-06  0.10506661E+21
  0.24950000E-06  0.10506661E+21
  0.24960000E-06  0.10506661E+21
  0.24970000E-06  0.10506661E+21
  0.24980000E-06  0.10506661E+21
  0.24990000E-06  0.10506661E+21
