         Time_s                                                                                                                         1                                                                                                                         2                                                                                                                         3
   1.000000E-09   1.1752E+00   2.4140E+19   1.1752E+00
   2.000000E-09   1.3809E+00   2.4140E+19   1.3809E+00
   3.000000E-09   1.6227E+00   2.4140E+19   1.6227E+00
   4.000000E-09   1.9069E+00   2.4140E+19   1.9069E+00
   5.000000E-09   2.2408E+00   2.4140E+19   2.2408E+00
   6.000000E-09   2.6331E+00   2.4140E+19   2.6331E+00
   7.000000E-09   3.0941E+00   2.4140E+19   3.0941E+00
   8.000000E-09   3.6359E+00   2.4140E+19   3.6359E+00
   9.000000E-09   4.2725E+00   2.4140E+19   4.2725E+00
   1.000000E-08   5.0206E+00   2.4140E+19   5.0206E+00
   1.100000E-08   5.8996E+00   2.4140E+19   5.8996E+00
   1.200000E-08   6.9326E+00   2.4140E+19   6.9326E+00
   1.300000E-08   8.1464E+00   2.4140E+19   8.1464E+00
   1.400000E-08   9.5728E+00   2.4140E+19   9.5728E+00
   1.500000E-08   1.1249E+01   2.4140E+19   1.1249E+01
   1.600000E-08   1.3218E+01   2.4140E+19   1.3218E+01
   1.700000E-08   1.5533E+01   2.4140E+19   1.5533E+01
   1.800000E-08   1.8252E+01   2.4140E+19   1.8252E+01
   1.900000E-08   2.1448E+01   2.4140E+19   2.1448E+01
   2.000000E-08   2.5204E+01   2.4140E+19   2.5204E+01
   2.100000E-08   2.9616E+01   2.4140E+19   2.9616E+01
   2.200000E-08   3.4802E+01   2.4140E+19   3.4802E+01
   2.300000E-08   4.0895E+01   2.4140E+19   4.0895E+01
   2.400000E-08   4.8056E+01   2.4140E+19   4.8056E+01
   2.500000E-08   5.6470E+01   2.4140E+19   5.6470E+01
   2.600000E-08   6.6357E+01   2.4140E+19   6.6357E+01
   2.700000E-08   7.7975E+01   2.4140E+19   7.7975E+01
   2.800000E-08   9.1628E+01   2.4140E+19   9.1628E+01
   2.900000E-08   1.0767E+02   2.4140E+19   1.0767E+02
   3.000000E-08   1.2652E+02   2.4140E+19   1.2652E+02
   3.100000E-08   1.4868E+02   2.4140E+19   1.4868E+02
   3.200000E-08   1.7471E+02   2.4140E+19   1.7471E+02
   3.300000E-08   2.0530E+02   2.4140E+19   2.0530E+02
   3.400000E-08   2.4124E+02   2.4140E+19   2.4124E+02
   3.500000E-08   2.8348E+02   2.4140E+19   2.8348E+02
   3.600000E-08   3.3311E+02   2.4140E+19   3.3311E+02
   3.700000E-08   3.9144E+02   2.4140E+19   3.9144E+02
   3.800000E-08   4.5998E+02   2.4140E+19   4.5998E+02
   3.900000E-08   5.4051E+02   2.4140E+19   5.4051E+02
   4.000000E-08   6.3515E+02   2.4140E+19   6.3515E+02
   4.100000E-08   7.4636E+02   2.4140E+19   7.4636E+02
   4.200000E-08   8.7704E+02   2.4140E+19   8.7704E+02
   4.300000E-08   1.0306E+03   2.4140E+19   1.0306E+03
   4.400000E-08   1.2110E+03   2.4140E+19   1.2110E+03
   4.500000E-08   1.4231E+03   2.4140E+19   1.4231E+03
   4.600000E-08   1.6722E+03   2.4140E+19   1.6722E+03
   4.700000E-08   1.9650E+03   2.4140E+19   1.9650E+03
   4.800000E-08   2.3091E+03   2.4140E+19   2.3091E+03
   4.900000E-08   2.7134E+03   2.4140E+19   2.7134E+03
   5.000000E-08   3.1885E+03   2.4140E+19   3.1885E+03
   5.100000E-08   3.7467E+03   2.4140E+19   3.7467E+03
   5.200000E-08   4.4028E+03   2.4140E+19   4.4028E+03
   5.300000E-08   5.1736E+03   2.4140E+19   5.1736E+03
   5.400000E-08   6.0795E+03   2.4140E+19   6.0795E+03
   5.500000E-08   7.1439E+03   2.4140E+19   7.1439E+03
   5.600000E-08   8.3947E+03   2.4140E+19   8.3947E+03
   5.700000E-08   9.8646E+03   2.4140E+19   9.8646E+03
   5.800000E-08   1.1592E+04   2.4140E+19   1.1592E+04
   5.900000E-08   1.3621E+04   2.4140E+19   1.3621E+04
   6.000000E-08   1.6006E+04   2.4140E+19   1.6006E+04
   6.100000E-08   1.8809E+04   2.4140E+19   1.8809E+04
   6.200000E-08   2.2102E+04   2.4140E+19   2.2102E+04
   6.300000E-08   2.5972E+04   2.4140E+19   2.5972E+04
   6.400000E-08   3.0519E+04   2.4140E+19   3.0519E+04
   6.500000E-08   3.5863E+04   2.4140E+19   3.5863E+04
   6.600000E-08   4.2142E+04   2.4140E+19   4.2142E+04
   6.700000E-08   4.9520E+04   2.4140E+19   4.9520E+04
   6.800000E-08   5.8191E+04   2.4140E+19   5.8191E+04
   6.900000E-08   6.8380E+04   2.4140E+19   6.8380E+04
   7.000000E-08   8.0352E+04   2.4140E+19   8.0352E+04
   7.100000E-08   9.4421E+04   2.4140E+19   9.4421E+04
   7.200000E-08   1.1095E+05   2.4140E+19   1.1095E+05
   7.300000E-08   1.3038E+05   2.4140E+19   1.3038E+05
   7.400000E-08   1.5321E+05   2.4140E+19   1.5321E+05
   7.500000E-08   1.8003E+05   2.4140E+19   1.8003E+05
   7.600000E-08   2.1155E+05   2.4140E+19   2.1155E+05
   7.700000E-08   2.4859E+05   2.4140E+19   2.4859E+05
   7.800000E-08   2.9212E+05   2.4140E+19   2.9212E+05
   7.900000E-08   3.4327E+05   2.4140E+19   3.4327E+05
   8.000000E-08   4.0337E+05   2.4140E+19   4.0337E+05
   8.100000E-08   4.7400E+05   2.4140E+19   4.7400E+05
   8.200000E-08   5.5699E+05   2.4140E+19   5.5699E+05
   8.300000E-08   6.5451E+05   2.4140E+19   6.5451E+05
   8.400000E-08   7.6911E+05   2.4140E+19   7.6911E+05
   8.500000E-08   9.0377E+05   2.4140E+19   9.0377E+05
   8.600000E-08   1.0620E+06   2.4140E+19   1.0620E+06
   8.700000E-08   1.2480E+06   2.4140E+19   1.2480E+06
   8.800000E-08   1.4665E+06   2.4140E+19   1.4665E+06
   8.900000E-08   1.7232E+06   2.4140E+19   1.7232E+06
   9.000000E-08   2.0249E+06   2.4140E+19   2.0249E+06
   9.100000E-08   2.3795E+06   2.4140E+19   2.3795E+06
   9.200000E-08   2.7961E+06   2.4140E+19   2.7961E+06
   9.300000E-08   3.2857E+06   2.4140E+19   3.2857E+06
   9.400000E-08   3.8609E+06   2.4140E+19   3.8609E+06
   9.500000E-08   4.5370E+06   2.4140E+19   4.5370E+06
   9.600000E-08   5.3313E+06   2.4140E+19   5.3313E+06
   9.700000E-08   6.2648E+06   2.4140E+19   6.2648E+06
   9.800000E-08   7.3617E+06   2.4140E+19   7.3617E+06
   9.900000E-08   8.6506E+06   2.4140E+19   8.6506E+06
   1.000000E-07   1.0165E+07   2.4140E+19   1.0165E+07
   1.010000E-07   1.1945E+07   2.4140E+19   1.1945E+07
   1.020000E-07   1.4037E+07   2.4140E+19   1.4037E+07
   1.030000E-07   1.6494E+07   2.4140E+19   1.6494E+07
   1.040000E-07   1.9382E+07   2.4140E+19   1.9382E+07
   1.050000E-07   2.2776E+07   2.4140E+19   2.2776E+07
   1.060000E-07   2.6763E+07   2.4140E+19   2.6763E+07
   1.070000E-07   3.1449E+07   2.4140E+19   3.1449E+07
   1.080000E-07   3.6956E+07   2.4140E+19   3.6956E+07
   1.090000E-07   4.3426E+07   2.4140E+19   4.3426E+07
   1.100000E-07   5.1030E+07   2.4140E+19   5.1030E+07
   1.110000E-07   5.9965E+07   2.4140E+19   5.9965E+07
   1.120000E-07   7.0464E+07   2.4140E+19   7.0464E+07
   1.130000E-07   8.2801E+07   2.4140E+19   8.2801E+07
   1.140000E-07   9.7299E+07   2.4140E+19   9.7299E+07
   1.150000E-07   1.1433E+08   2.4140E+19   1.1433E+08
   1.160000E-07   1.3435E+08   2.4140E+19   1.3435E+08
   1.170000E-07   1.5788E+08   2.4140E+19   1.5788E+08
   1.180000E-07   1.8552E+08   2.4140E+19   1.8552E+08
   1.190000E-07   2.1800E+08   2.4140E+19   2.1800E+08
   1.200000E-07   2.5617E+08   2.4140E+19   2.5617E+08
   1.210000E-07   3.0102E+08   2.4140E+19   3.0102E+08
   1.220000E-07   3.5373E+08   2.4140E+19   3.5373E+08
   1.230000E-07   4.1566E+08   2.4140E+19   4.1566E+08
   1.240000E-07   4.8844E+08   2.4140E+19   4.8844E+08
   1.250000E-07   5.7396E+08   2.4140E+19   5.7396E+08
   1.260000E-07   6.7445E+08   2.4140E+19   6.7445E+08
   1.270000E-07   7.9254E+08   2.4140E+19   7.9254E+08
   1.280000E-07   9.3130E+08   2.4140E+19   9.3130E+08
   1.290000E-07   1.0944E+09   2.4140E+19   1.0944E+09
   1.300000E-07   1.2860E+09   2.4140E+19   1.2860E+09
   1.310000E-07   1.5111E+09   2.4140E+19   1.5111E+09
   1.320000E-07   1.7757E+09   2.4140E+19   1.7757E+09
   1.330000E-07   2.0866E+09   2.4140E+19   2.0866E+09
   1.340000E-07   2.4519E+09   2.4140E+19   2.4519E+09
   1.350000E-07   2.8812E+09   2.4140E+19   2.8812E+09
   1.360000E-07   3.3856E+09   2.4140E+19   3.3856E+09
   1.370000E-07   3.9784E+09   2.4140E+19   3.9784E+09
   1.380000E-07   4.6749E+09   2.4140E+19   4.6749E+09
   1.390000E-07   5.4934E+09   2.4140E+19   5.4934E+09
   1.400000E-07   6.4551E+09   2.4140E+19   6.4551E+09
   1.410000E-07   7.5852E+09   2.4140E+19   7.5852E+09
   1.420000E-07   8.9131E+09   2.4140E+19   8.9131E+09
   1.430000E-07   1.0473E+10   2.4140E+19   1.0473E+10
   1.440000E-07   1.2307E+10   2.4140E+19   1.2307E+10
   1.450000E-07   1.4461E+10   2.4140E+19   1.4461E+10
   1.460000E-07   1.6993E+10   2.4140E+19   1.6993E+10
   1.470000E-07   1.9967E+10   2.4140E+19   1.9967E+10
   1.480000E-07   2.3462E+10   2.4140E+19   2.3462E+10
   1.490000E-07   2.7568E+10   2.4140E+19   2.7568E+10
   1.500000E-07   3.2392E+10   2.4140E+19   3.2392E+10
   1.510000E-07   3.8061E+10   2.4140E+19   3.8061E+10
   1.520000E-07   4.4720E+10   2.4140E+19   4.4720E+10
   1.530000E-07   5.2544E+10   2.4140E+19   5.2544E+10
   1.540000E-07   6.1735E+10   2.4140E+19   6.1735E+10
   1.550000E-07   7.2533E+10   2.4140E+19   7.2533E+10
   1.560000E-07   8.5216E+10   2.4140E+19   8.5216E+10
   1.570000E-07   1.0011E+11   2.4140E+19   1.0011E+11
   1.580000E-07   1.1761E+11   2.4140E+19   1.1761E+11
   1.590000E-07   1.3816E+11   2.4140E+19   1.3816E+11
   1.600000E-07   1.6229E+11   2.4140E+19   1.6229E+11
   1.610000E-07   1.9063E+11   2.4140E+19   1.9063E+11
   1.620000E-07   2.2389E+11   2.4140E+19   2.2389E+11
   1.630000E-07   2.6294E+11   2.4140E+19   2.6294E+11
   1.640000E-07   3.0877E+11   2.4140E+19   3.0877E+11
   1.650000E-07   3.6254E+11   2.4140E+19   3.6254E+11
   1.660000E-07   4.2561E+11   2.4140E+19   4.2561E+11
   1.670000E-07   4.9957E+11   2.4140E+19   4.9957E+11
   1.680000E-07   5.8627E+11   2.4140E+19   5.8627E+11
   1.690000E-07   6.8786E+11   2.4140E+19   6.8786E+11
   1.700000E-07   8.0685E+11   2.4140E+19   8.0685E+11
   1.710000E-07   9.4612E+11   2.4140E+19   9.4612E+11
   1.720000E-07   1.1090E+12   2.4140E+19   1.1090E+12
   1.730000E-07   1.2994E+12   2.4140E+19   1.2994E+12
   1.740000E-07   1.5218E+12   2.4140E+19   1.5218E+12
   1.750000E-07   1.7811E+12   2.4140E+19   1.7811E+12
   1.760000E-07   2.0832E+12   2.4140E+19   2.0832E+12
   1.770000E-07   2.4347E+12   2.4140E+19   2.4347E+12
   1.780000E-07   2.8428E+12   2.4140E+19   2.8428E+12
   1.790000E-07   3.3158E+12   2.4140E+19   3.3158E+12
   1.800000E-07   3.8628E+12   2.4140E+19   3.8628E+12
   1.810000E-07   4.4936E+12   2.4140E+19   4.4936E+12
   1.820000E-07   5.2189E+12   2.4140E+19   5.2189E+12
   1.830000E-07   6.0499E+12   2.4140E+19   6.0499E+12
   1.840000E-07   6.9981E+12   2.4140E+19   6.9981E+12
   1.850000E-07   8.0752E+12   2.4140E+19   8.0752E+12
   1.860000E-07   9.2923E+12   2.4140E+19   9.2923E+12
   1.870000E-07   1.0660E+13   2.4140E+19   1.0660E+13
   1.880000E-07   1.2186E+13   2.4140E+19   1.2186E+13
   1.890000E-07   1.3876E+13   2.4140E+19   1.3876E+13
   1.900000E-07   1.5733E+13   2.4140E+19   1.5733E+13
   1.910000E-07   1.7756E+13   2.4140E+19   1.7756E+13
   1.920000E-07   1.9938E+13   2.4140E+19   1.9938E+13
   1.930000E-07   2.2266E+13   2.4140E+19   2.2266E+13
   1.940000E-07   2.4723E+13   2.4140E+19   2.4723E+13
   1.950000E-07   2.7285E+13   2.4140E+19   2.7285E+13
   1.960000E-07   2.9924E+13   2.4140E+19   2.9924E+13
   1.970000E-07   3.2608E+13   2.4140E+19   3.2608E+13
   1.980000E-07   3.5303E+13   2.4140E+19   3.5303E+13
   1.990000E-07   3.7974E+13   2.4140E+19   3.7974E+13
   2.000000E-07   4.0586E+13   2.4140E+19   4.0586E+13
   2.010000E-07   4.3109E+13   2.4140E+19   4.3109E+13
   2.020000E-07   4.5517E+13   2.4140E+19   4.5517E+13
   2.030000E-07   4.7787E+13   2.4140E+19   4.7787E+13
   2.040000E-07   4.9906E+13   2.4140E+19   4.9906E+13
   2.050000E-07   5.1861E+13   2.4140E+19   5.1861E+13
   2.060000E-07   5.3651E+13   2.4140E+19   5.3651E+13
   2.070000E-07   5.5274E+13   2.4140E+19   5.5274E+13
   2.080000E-07   5.6736E+13   2.4140E+19   5.6736E+13
   2.090000E-07   5.8042E+13   2.4140E+19   5.8042E+13
   2.100000E-07   5.9202E+13   2.4140E+19   5.9202E+13
   2.110000E-07   6.0227E+13   2.4140E+19   6.0227E+13
   2.120000E-07   6.1128E+13   2.4140E+19   6.1128E+13
   2.130000E-07   6.1916E+13   2.4140E+19   6.1916E+13
   2.140000E-07   6.2603E+13   2.4140E+19   6.2603E+13
   2.160000E-07   6.3716E+13   2.4140E+19   6.3716E+13
   2.180000E-07   6.4547E+13   2.4140E+19   6.4547E+13
   2.210000E-07   6.5407E+13   2.4140E+19   6.5407E+13
   2.250000E-07   6.6079E+13   2.4140E+19   6.6079E+13
   2.390000E-07   6.6755E+13   2.4140E+19   6.6755E+13
