time electron_density 
  0.00000000E+00  0.10000000E+17
  0.10000000E-09  0.10059255E+17
  0.20000000E-09  0.10119138E+17
  0.30000000E-09  0.10179652E+17
  0.40000000E-09  0.10240802E+17
  0.50000000E-09  0.10302595E+17
  0.60000000E-09  0.10365033E+17
  0.70000000E-09  0.10428123E+17
  0.80000000E-09  0.10491869E+17
  0.90000000E-09  0.10556276E+17
  0.10000000E-08  0.10621350E+17
  0.11000000E-08  0.10687095E+17
  0.12000000E-08  0.10753516E+17
  0.13000000E-08  0.10820620E+17
  0.14000000E-08  0.10888410E+17
  0.15000000E-08  0.10956893E+17
  0.16000000E-08  0.11026073E+17
  0.17000000E-08  0.11095956E+17
  0.18000000E-08  0.11166548E+17
  0.19000000E-08  0.11237854E+17
  0.20000000E-08  0.11309879E+17
  0.21000000E-08  0.11382630E+17
  0.22000000E-08  0.11456111E+17
  0.23000000E-08  0.11530329E+17
  0.24000000E-08  0.11605289E+17
  0.25000000E-08  0.11680996E+17
  0.26000000E-08  0.11757458E+17
  0.27000000E-08  0.11834679E+17
  0.28000000E-08  0.11912666E+17
  0.29000000E-08  0.11991425E+17
  0.30000000E-08  0.12070961E+17
  0.31000000E-08  0.12151281E+17
  0.32000000E-08  0.12232391E+17
  0.33000000E-08  0.12314297E+17
  0.34000000E-08  0.12397006E+17
  0.35000000E-08  0.12480524E+17
  0.36000000E-08  0.12564856E+17
  0.37000000E-08  0.12650011E+17
  0.38000000E-08  0.12735993E+17
  0.39000000E-08  0.12822811E+17
  0.40000000E-08  0.12910469E+17
  0.41000000E-08  0.12998976E+17
  0.42000000E-08  0.13088337E+17
  0.43000000E-08  0.13178560E+17
  0.44000000E-08  0.13269651E+17
  0.45000000E-08  0.13361617E+17
  0.46000000E-08  0.13454466E+17
  0.47000000E-08  0.13548204E+17
  0.48000000E-08  0.13642838E+17
  0.49000000E-08  0.13738376E+17
  0.50000000E-08  0.13834825E+17
  0.51000000E-08  0.13932192E+17
  0.52000000E-08  0.14030485E+17
  0.53000000E-08  0.14129710E+17
  0.54000000E-08  0.14229875E+17
  0.55000000E-08  0.14330989E+17
  0.56000000E-08  0.14433058E+17
  0.57000000E-08  0.14536090E+17
  0.58000000E-08  0.14640093E+17
  0.59000000E-08  0.14745075E+17
  0.60000000E-08  0.14851044E+17
  0.61000000E-08  0.14958007E+17
  0.62000000E-08  0.15065973E+17
  0.63000000E-08  0.15174950E+17
  0.64000000E-08  0.15284946E+17
  0.65000000E-08  0.15395968E+17
  0.66000000E-08  0.15508027E+17
  0.67000000E-08  0.15621129E+17
  0.68000000E-08  0.15735284E+17
  0.69000000E-08  0.15850499E+17
  0.70000000E-08  0.15966784E+17
  0.71000000E-08  0.16084147E+17
  0.72000000E-08  0.16202597E+17
  0.73000000E-08  0.16322143E+17
  0.74000000E-08  0.16442794E+17
  0.75000000E-08  0.16564558E+17
  0.76000000E-08  0.16687445E+17
  0.77000000E-08  0.16811465E+17
  0.78000000E-08  0.16936625E+17
  0.79000000E-08  0.17062935E+17
  0.80000000E-08  0.17190406E+17
  0.81000000E-08  0.17319046E+17
  0.82000000E-08  0.17448865E+17
  0.83000000E-08  0.17579872E+17
  0.84000000E-08  0.17712077E+17
  0.85000000E-08  0.17845491E+17
  0.86000000E-08  0.17980123E+17
  0.87000000E-08  0.18115982E+17
  0.88000000E-08  0.18253080E+17
  0.89000000E-08  0.18391426E+17
  0.90000000E-08  0.18531030E+17
  0.91000000E-08  0.18671903E+17
  0.92000000E-08  0.18814056E+17
  0.93000000E-08  0.18957498E+17
  0.94000000E-08  0.19102240E+17
  0.95000000E-08  0.19248293E+17
  0.96000000E-08  0.19395668E+17
  0.97000000E-08  0.19544376E+17
  0.98000000E-08  0.19694428E+17
  0.99000000E-08  0.19845834E+17
  0.10000000E-07  0.19998606E+17
